6 0.526265 0.447307 0.106031 0.143285
12 0.237111 0.368185 0.097276 0.101396
12 0.264591 0.622008 0.097763 0.100399
12 0.337062 0.305352 0.044261 0.040226
6 0.346425 0.398604 0.033317 0.049202
17 0.393239 0.338930 0.020428 0.013630
17 0.393118 0.382480 0.019212 0.013630
17 0.393239 0.401596 0.020428 0.012633
2 0.338157 0.468750 0.065418 0.039229
6 0.281372 0.534242 0.051070 0.056516
23 0.338278 0.601562 0.040856 0.066157
23 0.379377 0.601562 0.040370 0.066822
6 0.338278 0.505485 0.034533 0.028258
6 0.393118 0.473570 0.018239 0.037566
6 0.284411 0.469415 0.018726 0.027261
6 0.357977 0.653923 0.042315 0.031250
10 0.664154 0.449136 0.038424 0.084441
6 0.609557 0.449302 0.030885 0.064162
11 0.278089 0.315658 0.021158 0.010306
11 0.300462 0.338597 0.016780 0.011636
11 0.393239 0.321144 0.016051 0.011303
3 0.305934 0.307680 0.011673 0.041556
22 0.299976 0.380153 0.010944 0.027593
12 0.344115 0.347241 0.026265 0.035572
18 0.300340 0.357713 0.018482 0.010638
18 0.300462 0.402427 0.017753 0.010306
11 0.301435 0.428856 0.016294 0.011303
11 0.300827 0.441656 0.016051 0.012301
11 0.319066 0.442154 0.016051 0.011968
11 0.356518 0.441489 0.017023 0.011303
11 0.375000 0.441656 0.016051 0.011636
22 0.393482 0.426862 0.009728 0.029920
24 0.393239 0.424701 0.004864 0.014960
24 0.300097 0.380485 0.005350 0.014960
24 0.392996 0.358876 0.004377 0.012965
22 0.393239 0.361370 0.011673 0.029255
22 0.338400 0.544548 0.011430 0.027926
24 0.337913 0.544382 0.004621 0.013630
20 0.393969 0.549202 0.021401 0.022606
11 0.314689 0.534408 0.007782 0.024269
11 0.357125 0.537899 0.016780 0.011303
11 0.394212 0.528590 0.016537 0.011303
11 0.393482 0.502493 0.017510 0.010971
11 0.426313 0.557680 0.006809 0.023604
11 0.457198 0.618019 0.017510 0.012633
11 0.464373 0.430851 0.016294 0.011303
11 0.575024 0.359209 0.016780 0.014960
11 0.484801 0.378989 0.007539 0.021941
24 0.759971 0.287400 0.014591 0.017620
12 0.406007 0.266789 0.154912 0.026263
12 0.548395 0.264461 0.123541 0.028258
12 0.681177 0.265625 0.124514 0.027926
12 0.787695 0.436669 0.037451 0.369348
12 0.716561 0.649435 0.127189 0.022939
12 0.445890 0.654422 0.125730 0.023604
12 0.581226 0.651928 0.124514 0.021941
24 0.337913 0.595578 0.022617 0.029588
24 0.380472 0.597241 0.022617 0.029588
5 0.255958 0.463930 0.022617 0.052859
24 0.256688 0.463098 0.016780 0.012633
24 0.409533 0.622340 0.009728 0.039894
24 0.424489 0.621676 0.008025 0.038564
24 0.439810 0.628158 0.009971 0.026928
24 0.454159 0.633145 0.009484 0.014295
24 0.476411 0.631981 0.018969 0.013963
24 0.485044 0.602560 0.033317 0.012301
24 0.498784 0.628657 0.009728 0.025931
24 0.528696 0.626496 0.011673 0.023604
24 0.543166 0.628158 0.011430 0.021609
24 0.557879 0.627161 0.012160 0.022939
24 0.573200 0.627161 0.013132 0.022274
24 0.587549 0.627327 0.010214 0.021941
24 0.602262 0.626995 0.011430 0.021941
24 0.617826 0.631815 0.010944 0.012965
24 0.632661 0.625997 0.011916 0.022606
24 0.662330 0.626330 0.011430 0.021277
24 0.677772 0.626164 0.011673 0.021609
24 0.692242 0.619348 0.010944 0.032580
24 0.707077 0.620844 0.011430 0.032247
24 0.721304 0.619348 0.011187 0.032580
24 0.736381 0.620013 0.011187 0.033910
24 0.751094 0.619681 0.012403 0.033245
24 0.765807 0.617852 0.011673 0.035572
24 0.369528 0.307181 0.009971 0.039229
24 0.383755 0.300199 0.009728 0.025931
24 0.400292 0.298870 0.012646 0.022606
24 0.415126 0.298870 0.011187 0.023936
24 0.430083 0.299535 0.011430 0.023936
24 0.444309 0.299036 0.011673 0.024269
24 0.459266 0.293218 0.010944 0.012633
24 0.473735 0.292719 0.011187 0.013630
24 0.496717 0.292886 0.010457 0.012633
24 0.511065 0.292221 0.010944 0.013298
24 0.526386 0.292387 0.011916 0.014295
24 0.540856 0.291390 0.011673 0.012301
24 0.556299 0.292221 0.012403 0.009973
24 0.570647 0.291057 0.010944 0.011636
24 0.585603 0.291888 0.012646 0.010638
24 0.599830 0.290725 0.010457 0.012301
24 0.565418 0.321144 0.019942 0.011968
24 0.585846 0.320312 0.009728 0.023604
24 0.600438 0.320811 0.007782 0.023271
6 0.625730 0.342420 0.083658 0.010638
6 0.589981 0.466755 0.007782 0.026596
24 0.629377 0.308677 0.010700 0.047540
24 0.644090 0.308178 0.010944 0.045878
24 0.659533 0.308344 0.011673 0.046875
24 0.674003 0.308511 0.011430 0.047207
24 0.688716 0.308178 0.013132 0.049202
24 0.703672 0.307680 0.010457 0.049535
24 0.718507 0.307181 0.010944 0.047872
24 0.732855 0.307513 0.011430 0.047207
24 0.674611 0.390459 0.014105 0.012301
24 0.552651 0.601064 0.056177 0.012633
24 0.586576 0.544880 0.014105 0.012633
24 0.620015 0.544548 0.014348 0.020612
24 0.687865 0.543218 0.069796 0.026596
24 0.603356 0.578790 0.067607 0.017952
24 0.708293 0.574634 0.027481 0.015625
24 0.746595 0.556184 0.008755 0.061170
22 0.700511 0.377826 0.011430 0.028923
24 0.700875 0.376995 0.005350 0.012633
17 0.674246 0.378158 0.020185 0.013630
24 0.639835 0.447972 0.007296 0.032247
24 0.765564 0.253823 0.006323 0.011636
24 0.760700 0.307015 0.014105 0.016290
24 0.760700 0.327294 0.015078 0.016955
24 0.760700 0.347241 0.015078 0.015625
24 0.760944 0.367021 0.014591 0.017287
24 0.761430 0.387134 0.014591 0.016290
24 0.761673 0.407912 0.014105 0.016622
24 0.761795 0.427360 0.014348 0.016955
24 0.762160 0.447640 0.014105 0.016955
24 0.811162 0.366024 0.012889 0.017287
24 0.810676 0.386636 0.013862 0.016622
24 0.810554 0.406582 0.014105 0.013963
24 0.811162 0.426529 0.013375 0.015957
24 0.811770 0.446975 0.014591 0.016290
24 0.761795 0.468584 0.016780 0.016955
24 0.811406 0.467254 0.015807 0.018285
24 0.761795 0.489029 0.016780 0.016622
24 0.811527 0.487201 0.015078 0.016290
24 0.762281 0.509142 0.015321 0.016955
24 0.812135 0.508145 0.013862 0.015625
24 0.762160 0.528590 0.014591 0.014628
24 0.811892 0.527593 0.014348 0.015957
24 0.762768 0.549202 0.015321 0.016622
24 0.812500 0.548371 0.015078 0.016290
24 0.763011 0.570146 0.015321 0.017952
24 0.812986 0.568983 0.014105 0.017620
24 0.762889 0.589927 0.015564 0.015625
24 0.813108 0.589096 0.015807 0.015957
24 0.813838 0.609874 0.015321 0.011636
24 0.280034 0.525266 0.015321 0.027926
24 0.353113 0.655253 0.015564 0.021941
3 0.438959 0.558344 0.010700 0.042221
20 0.467656 0.556682 0.008755 0.028258
2 0.455618 0.557513 0.008998 0.030585
24 0.388740 0.564162 0.033804 0.012633
24 0.413303 0.350565 0.010457 0.014960
24 0.459874 0.349568 0.011673 0.010306
18 0.473006 0.373005 0.006323 0.027261
24 0.436892 0.370512 0.062500 0.012301
20 0.337913 0.440492 0.019212 0.011303
24 0.377554 0.339262 0.008025 0.014295
24 0.375122 0.384309 0.012889 0.015293
24 0.375243 0.402759 0.013619 0.012301
