18 0.116300 0.097028 0.006852 0.019361
18 0.126037 0.097028 0.006852 0.018460
18 0.169131 0.103107 0.006491 0.018010
18 0.180490 0.102882 0.007573 0.018460
18 0.192391 0.103107 0.007573 0.018010
18 0.202849 0.103107 0.006852 0.018010
18 0.214389 0.103557 0.006852 0.018910
18 0.225929 0.103557 0.006852 0.018910
18 0.237468 0.103557 0.006852 0.018910
18 0.247926 0.103557 0.006852 0.018910
18 0.095384 0.158037 0.006852 0.018910
18 0.104400 0.158037 0.006852 0.018910
18 0.113054 0.158037 0.006852 0.018910
18 0.064010 0.213417 0.006852 0.018910
18 0.075730 0.213868 0.006491 0.018910
18 0.087450 0.213192 0.007573 0.018460
18 0.098630 0.213417 0.007573 0.018010
18 0.109448 0.213417 0.007573 0.018010
18 0.120808 0.213643 0.007212 0.018460
18 0.131266 0.213643 0.007212 0.018460
18 0.142806 0.213643 0.007212 0.018460
18 0.154345 0.214093 0.007212 0.018460
18 0.164803 0.213643 0.007212 0.018460
18 0.176343 0.214093 0.007212 0.018460
18 0.187883 0.214093 0.007212 0.018460
18 0.199423 0.214543 0.007212 0.018460
18 0.210242 0.214093 0.007212 0.018460
18 0.221421 0.214093 0.007212 0.018460
18 0.232961 0.214543 0.007212 0.018460
18 0.256221 0.214768 0.007573 0.018010
18 0.278579 0.214768 0.007573 0.018910
18 0.266318 0.213868 0.007573 0.018910
18 0.289037 0.214768 0.007573 0.018910
18 0.300938 0.214768 0.007573 0.018910
18 0.311396 0.214768 0.007573 0.018910
18 0.323657 0.215218 0.007573 0.018910
18 0.334836 0.215218 0.007573 0.018910
18 0.346015 0.215218 0.006852 0.018910
18 0.356834 0.215218 0.006852 0.018910
18 0.368374 0.215218 0.006852 0.018010
18 0.380094 0.215443 0.007212 0.018460
18 0.391273 0.215443 0.007212 0.018460
18 0.413631 0.215894 0.007212 0.018460
18 0.425171 0.215894 0.007212 0.018460
18 0.389109 0.180774 0.007212 0.018460
18 0.398485 0.180774 0.007212 0.018460
18 0.433466 0.182575 0.007212 0.018460
18 0.443563 0.182125 0.007212 0.018460
18 0.388388 0.105583 0.007212 0.018460
18 0.399207 0.105133 0.007212 0.018460
18 0.433826 0.105583 0.007212 0.018460
18 0.444645 0.105808 0.006491 0.018010
18 0.472773 0.043449 0.006491 0.019361
18 0.472593 0.076767 0.007573 0.018460
18 0.472232 0.110086 0.007573 0.018460
18 0.472232 0.143854 0.007573 0.018460
18 0.447349 0.277127 0.007573 0.018460
18 0.470429 0.277578 0.007573 0.018460
24 0.115218 0.064836 0.009737 0.035119
24 0.125316 0.065736 0.009737 0.035119
24 0.169131 0.077217 0.010097 0.025664
24 0.181212 0.075191 0.010458 0.027915
24 0.192391 0.075642 0.010458 0.027915
24 0.202849 0.075642 0.010458 0.027915
24 0.214749 0.076092 0.010458 0.027915
24 0.225929 0.075642 0.010458 0.027915
24 0.236387 0.076092 0.010458 0.027915
24 0.248287 0.076092 0.010458 0.027915
24 0.094302 0.126069 0.009737 0.035119
24 0.104400 0.126970 0.009737 0.035119
24 0.114136 0.126970 0.009737 0.035119
24 0.063289 0.182350 0.009737 0.035119
24 0.075189 0.185277 0.009737 0.033769
24 0.086369 0.185727 0.009737 0.029266
24 0.098449 0.185052 0.009376 0.030617
24 0.109268 0.184602 0.009376 0.030617
24 0.119906 0.184151 0.009737 0.032418
24 0.130364 0.184151 0.009737 0.032418
24 0.142625 0.184151 0.009737 0.032418
24 0.153083 0.183701 0.009737 0.032418
24 0.164263 0.183701 0.009737 0.032418
24 0.176524 0.184151 0.009737 0.032418
24 0.187162 0.183926 0.010097 0.032868
24 0.199603 0.184827 0.010458 0.031067
24 0.210061 0.185277 0.011179 0.033769
24 0.220700 0.183026 0.009376 0.035570
24 0.232961 0.185277 0.009376 0.033769
24 0.256221 0.187303 0.010458 0.027915
24 0.267039 0.186853 0.010458 0.027915
24 0.277497 0.187303 0.010458 0.027915
24 0.289758 0.186853 0.010458 0.027915
24 0.300397 0.187978 0.009376 0.026565
24 0.312838 0.187303 0.009737 0.027015
24 0.323296 0.187303 0.009737 0.027015
24 0.333934 0.189329 0.009376 0.025664
24 0.344753 0.187753 0.010097 0.027015
24 0.357194 0.187078 0.010458 0.027465
24 0.368013 0.187078 0.010458 0.027465
24 0.378110 0.187528 0.009737 0.026565
24 0.402092 0.219045 0.010097 0.028366
24 0.437072 0.217244 0.010097 0.028366
24 0.447890 0.217244 0.010097 0.028366
24 0.408402 0.183251 0.009737 0.026114
24 0.419762 0.182350 0.010097 0.023413
24 0.453660 0.182801 0.009376 0.018010
24 0.463397 0.182350 0.009376 0.018010
24 0.475298 0.174921 0.010097 0.035570
24 0.495312 0.205088 0.014785 0.013057
24 0.461955 0.110986 0.010097 0.035570
24 0.388929 0.077893 0.009737 0.026114
24 0.399026 0.077893 0.009737 0.026114
24 0.433826 0.082395 0.010097 0.019811
24 0.445366 0.082395 0.010097 0.019811
24 0.451136 0.034444 0.028128 0.013958
24 0.451316 0.048627 0.028489 0.012607
12 0.496394 0.109860 0.019113 0.164791
3 0.523621 0.054480 0.020195 0.029716
24 0.539668 0.055606 0.011179 0.013958
24 0.568878 0.184827 0.010458 0.028366
24 0.580418 0.184151 0.009737 0.027915
24 0.661017 0.186853 0.010097 0.024313
24 0.671655 0.186403 0.010458 0.027015
24 0.593401 0.079018 0.009737 0.029266
24 0.603498 0.079018 0.009737 0.029266
24 0.636314 0.081270 0.009737 0.029266
24 0.647133 0.081270 0.009737 0.026565
24 0.673819 0.098829 0.010458 0.035570
6 0.705734 0.115263 0.027407 0.014408
6 0.705914 0.073165 0.034980 0.049977
18 0.592319 0.183251 0.006852 0.018010
18 0.602236 0.183251 0.007212 0.018010
18 0.637216 0.184151 0.007212 0.018010
18 0.646953 0.184151 0.007212 0.018010
18 0.593040 0.108059 0.006852 0.018010
18 0.602777 0.108059 0.006852 0.018010
18 0.637937 0.109185 0.007212 0.018460
18 0.647313 0.109185 0.007212 0.018460
21 0.597908 0.146556 0.130545 0.049977
18 0.774612 0.106484 0.007212 0.018460
18 0.786152 0.106934 0.007212 0.018460
18 0.797692 0.107384 0.007212 0.018460
18 0.808511 0.107384 0.007212 0.018460
18 0.821132 0.107384 0.007212 0.018460
18 0.831951 0.107384 0.007212 0.018460
18 0.843491 0.107384 0.007212 0.018460
18 0.854309 0.107384 0.007212 0.018460
24 0.774432 0.077893 0.010458 0.027015
24 0.785251 0.078343 0.010458 0.027015
24 0.797151 0.081720 0.010458 0.019361
24 0.808330 0.078343 0.010458 0.027015
24 0.820591 0.081720 0.010458 0.019361
24 0.831771 0.082170 0.010458 0.019361
24 0.844212 0.083971 0.009376 0.016659
24 0.854850 0.082170 0.010458 0.019361
24 0.878651 0.096803 0.024883 0.012607
24 0.879733 0.110086 0.027768 0.013057
24 0.880454 0.163665 0.026325 0.012157
24 0.881897 0.175371 0.029210 0.012157
24 0.928597 0.142053 0.025965 0.012157
24 0.927696 0.155561 0.027768 0.013057
24 0.804364 0.185277 0.028489 0.013057
24 0.802921 0.210041 0.029210 0.013057
24 0.881536 0.153084 0.027768 0.010806
24 0.872881 0.132373 0.009737 0.032418
24 0.963036 0.153309 0.014785 0.013057
18 0.901731 0.130347 0.014785 0.008555
18 0.901370 0.141603 0.014064 0.009455
18 0.884782 0.135750 0.006852 0.017560
18 0.927876 0.169743 0.015146 0.009005
18 0.928237 0.181000 0.015146 0.009005
11 0.928417 0.192256 0.021277 0.009905
24 0.927696 0.208690 0.027768 0.013057
11 0.883520 0.185727 0.010097 0.006754
20 0.883520 0.197208 0.015146 0.009005
20 0.882979 0.208690 0.015507 0.008555
6 0.856834 0.196983 0.033177 0.034669
19 0.955644 0.181675 0.029571 0.034669
18 0.829968 0.185727 0.014785 0.009455
18 0.829246 0.207789 0.014785 0.009455
6 0.849080 0.221747 0.020555 0.013057
21 0.801298 0.148807 0.130545 0.049977
21 0.064551 0.158262 0.038226 0.020261
21 0.191489 0.145205 0.129823 0.049077
21 0.154526 0.260919 0.175622 0.052679
21 0.370177 0.261819 0.221781 0.050878
21 0.394158 0.146105 0.129823 0.049977
21 0.063289 0.369203 0.040029 0.022512
24 0.248467 0.326655 0.156509 0.059883
24 0.351424 0.337010 0.009737 0.028366
11 0.364407 0.337911 0.008294 0.027465
11 0.399387 0.338361 0.008294 0.027465
24 0.409845 0.336785 0.009737 0.024313
24 0.382257 0.317425 0.020916 0.012607
24 0.401731 0.359748 0.021637 0.011706
24 0.401551 0.371229 0.020555 0.011256
24 0.401731 0.382485 0.022358 0.011256
24 0.401010 0.393291 0.021637 0.011256
24 0.401190 0.404773 0.021277 0.011706
11 0.381897 0.332058 0.014425 0.009455
11 0.381897 0.343764 0.014425 0.009455
11 0.381717 0.355020 0.014064 0.009455
11 0.381897 0.366502 0.013704 0.009905
11 0.381536 0.377533 0.009376 0.006754
11 0.381717 0.388789 0.009737 0.008555
24 0.458709 0.282530 0.010097 0.035570
24 0.482149 0.284557 0.010097 0.032418
24 0.534079 0.292886 0.056257 0.012157
24 0.633249 0.268798 0.083664 0.020711
24 0.731158 0.294237 0.032816 0.011256
24 0.695456 0.338361 0.013343 0.013057
24 0.866931 0.239532 0.010097 0.035119
24 0.898666 0.231427 0.010097 0.035119
24 0.860801 0.305268 0.010097 0.035119
24 0.898305 0.304818 0.010097 0.035119
11 0.858096 0.237956 0.005409 0.012157
11 0.890191 0.227600 0.005409 0.012157
12 0.978182 0.265646 0.031374 0.096353
24 0.803462 0.261144 0.027407 0.012607
24 0.803462 0.288158 0.027407 0.012607
24 0.803462 0.312472 0.027407 0.012607
24 0.885683 0.280054 0.027407 0.012607
24 0.810314 0.334984 0.027407 0.012607
24 0.810314 0.348492 0.027407 0.012607
24 0.809953 0.362449 0.027407 0.012607
24 0.809592 0.375507 0.027407 0.012607
24 0.809953 0.388564 0.027407 0.012607
24 0.914894 0.346240 0.025243 0.012607
24 0.955283 0.328005 0.029571 0.013057
24 0.954562 0.361774 0.029571 0.013057
24 0.915975 0.358847 0.028128 0.011706
24 0.915615 0.371905 0.028128 0.011706
24 0.915615 0.385637 0.027407 0.013057
18 0.837541 0.342413 0.014785 0.009455
18 0.837541 0.353670 0.014785 0.009455
18 0.837541 0.364475 0.014785 0.009455
18 0.837541 0.375732 0.014785 0.009455
18 0.837000 0.386988 0.014425 0.008555
18 0.891273 0.353895 0.014785 0.009005
18 0.891273 0.365151 0.014785 0.009005
18 0.890912 0.375957 0.014785 0.009005
18 0.890912 0.387663 0.014785 0.009005
11 0.826542 0.261594 0.010097 0.006303
11 0.826542 0.289509 0.010097 0.006303
11 0.885323 0.290410 0.010097 0.006303
11 0.823116 0.312247 0.006131 0.012157
11 0.872160 0.312697 0.006131 0.012157
18 0.954382 0.343314 0.014785 0.010356
18 0.953660 0.376632 0.014785 0.010356
6 0.862423 0.331382 0.021998 0.014408
6 0.864767 0.364701 0.031013 0.045025
18 0.885503 0.309320 0.006852 0.019811
11 0.076812 0.391941 0.010097 0.007654
11 0.120447 0.425259 0.007934 0.027465
11 0.133249 0.424809 0.004688 0.011256
11 0.141904 0.424809 0.004688 0.011256
11 0.150559 0.425259 0.004688 0.011256
11 0.159574 0.425259 0.004688 0.011256
11 0.168590 0.425259 0.004688 0.011256
11 0.177605 0.425934 0.004688 0.011706
11 0.186441 0.425709 0.004327 0.012157
11 0.195456 0.425484 0.005049 0.011706
24 0.097728 0.392841 0.026686 0.013057
24 0.120447 0.391490 0.010097 0.034669
24 0.131266 0.394192 0.010097 0.034669
24 0.141543 0.395543 0.009737 0.031968
24 0.150559 0.394417 0.009016 0.033318
24 0.159574 0.393742 0.009016 0.034669
24 0.168229 0.394192 0.009016 0.034669
24 0.176884 0.393742 0.009016 0.034669
24 0.186260 0.394192 0.009016 0.034669
24 0.194915 0.394192 0.009016 0.034669
24 0.171475 0.478613 0.027768 0.013507
24 0.052470 0.432688 0.029210 0.012607
24 0.085287 0.432238 0.029210 0.012607
24 0.122070 0.447096 0.029210 0.012607
18 0.057880 0.446871 0.014064 0.010356
18 0.079156 0.446646 0.014064 0.009005
18 0.146953 0.445745 0.013343 0.009005
11 0.247926 0.454525 0.008294 0.027465
11 0.259827 0.453174 0.007573 0.016659
11 0.270285 0.453850 0.006852 0.018010
11 0.279661 0.453624 0.006131 0.013057
11 0.288316 0.453624 0.006131 0.013057
11 0.297331 0.453624 0.006131 0.013057
24 0.247566 0.481765 0.009737 0.025214
24 0.258024 0.480414 0.009737 0.027015
24 0.268482 0.480864 0.009737 0.027015
24 0.279481 0.480864 0.009376 0.027015
24 0.289939 0.480414 0.010097 0.026114
24 0.300397 0.480864 0.009376 0.027015
18 0.247205 0.419181 0.013343 0.016209
18 0.252975 0.411076 0.013343 0.016209
11 0.295348 0.419631 0.014425 0.018010
11 0.302921 0.429986 0.014425 0.018010
11 0.286152 0.408600 0.022719 0.026565
11 0.271908 0.390140 0.043996 0.053579
24 0.228814 0.398019 0.023440 0.030617
24 0.236928 0.388564 0.023801 0.032418
24 0.257843 0.371679 0.019473 0.025664
24 0.303823 0.385412 0.018392 0.025214
24 0.309773 0.398919 0.017310 0.026114
24 0.319510 0.410176 0.020195 0.024313
24 0.429499 0.427735 0.020916 0.024313
24 0.437793 0.416929 0.020916 0.024313
24 0.445727 0.406574 0.020195 0.022512
24 0.452578 0.394417 0.019473 0.025214
24 0.460151 0.386312 0.019473 0.025214
24 0.498197 0.383161 0.017670 0.024313
24 0.466282 0.358847 0.026686 0.031517
24 0.519113 0.389464 0.024162 0.030617
24 0.527227 0.399370 0.023080 0.027915
18 0.473675 0.374381 0.014064 0.016659
18 0.503606 0.412652 0.014064 0.016659
20 0.509737 0.420306 0.014064 0.016659
11 0.489542 0.394642 0.027768 0.032868
11 0.478904 0.408149 0.020195 0.024764
11 0.469708 0.419181 0.020555 0.027015
11 0.461774 0.429086 0.012622 0.016209
11 0.454021 0.437641 0.013704 0.018010
11 0.446809 0.446646 0.013704 0.018010
20 0.694194 0.379109 0.080779 0.063935
24 0.658853 0.420531 0.022358 0.013507
24 0.720880 0.418055 0.021637 0.012157
24 0.723044 0.431562 0.025243 0.013057
24 0.712045 0.451148 0.029210 0.013507
20 0.682113 0.419631 0.014785 0.009005
20 0.699784 0.420081 0.014785 0.009005
18 0.700505 0.431337 0.014785 0.009905
20 0.691129 0.452049 0.006852 0.018910
24 0.791922 0.406348 0.028850 0.011256
18 0.792463 0.420306 0.014785 0.009455
24 0.813018 0.438991 0.027768 0.013507
11 0.806167 0.453399 0.010458 0.007204
21 0.063289 0.499775 0.037144 0.076542
24 0.045078 0.549977 0.028850 0.013057
18 0.070321 0.550878 0.014425 0.010356
24 0.089254 0.513958 0.010458 0.037371
18 0.087991 0.545925 0.007212 0.018460
18 0.105842 0.524764 0.007573 0.019361
18 0.114497 0.524764 0.007573 0.019361
11 0.123512 0.524764 0.007573 0.019361
11 0.132348 0.524313 0.005049 0.013057
24 0.103498 0.553805 0.010097 0.035119
24 0.113956 0.553354 0.010097 0.035119
24 0.124775 0.553805 0.010097 0.035119
24 0.134872 0.553354 0.010097 0.035119
24 0.175622 0.545250 0.010097 0.035119
18 0.179769 0.513733 0.006852 0.018010
24 0.209340 0.511481 0.027768 0.012607
18 0.205734 0.498649 0.014064 0.008555
24 0.246484 0.632148 0.010458 0.027915
24 0.257303 0.631697 0.010458 0.027915
24 0.268842 0.631247 0.010458 0.027915
24 0.280382 0.631697 0.010458 0.027915
24 0.290840 0.633724 0.010458 0.024764
24 0.301298 0.631697 0.010458 0.027915
11 0.247205 0.603107 0.008294 0.027465
11 0.258565 0.603557 0.007212 0.018460
11 0.269383 0.604007 0.007212 0.018460
11 0.278579 0.603557 0.006131 0.013057
11 0.287234 0.604007 0.006131 0.013057
11 0.296250 0.604232 0.005409 0.012607
24 0.362063 0.481315 0.020916 0.024313
24 0.392715 0.461504 0.020916 0.024313
24 0.343491 0.508555 0.019834 0.024764
24 0.343310 0.543674 0.019473 0.023863
24 0.363325 0.572715 0.019834 0.025214
24 0.379192 0.577443 0.019834 0.023863
24 0.391634 0.488969 0.019473 0.025214
24 0.407501 0.503377 0.019473 0.025214
24 0.421565 0.528140 0.019473 0.025214
24 0.415975 0.545700 0.018392 0.021612
24 0.407321 0.573390 0.019113 0.024764
24 0.400288 0.565511 0.020195 0.023413
24 0.369455 0.525439 0.010458 0.026114
11 0.378651 0.480864 0.009376 0.011706
11 0.369275 0.493471 0.009376 0.011706
11 0.354850 0.512382 0.009376 0.012607
11 0.378471 0.556506 0.009016 0.011706
11 0.389290 0.556956 0.009016 0.011706
11 0.379012 0.506078 0.008655 0.011706
11 0.380815 0.521162 0.005770 0.013958
11 0.403714 0.518460 0.010458 0.012157
11 0.402633 0.531067 0.009737 0.012157
11 0.407321 0.542098 0.009016 0.012607
11 0.388027 0.536470 0.009376 0.013057
11 0.392355 0.542323 0.010097 0.011256
11 0.176884 0.489869 0.009737 0.006303
24 0.474396 0.460828 0.009737 0.034669
24 0.492427 0.454975 0.026325 0.013057
24 0.493869 0.469833 0.029210 0.013057
24 0.501983 0.489644 0.009376 0.026565
24 0.511720 0.489644 0.009376 0.026565
24 0.521096 0.489644 0.009376 0.026565
24 0.538226 0.481540 0.021998 0.012157
24 0.538226 0.495047 0.021998 0.012157
24 0.566715 0.492796 0.021998 0.012157
24 0.563830 0.561909 0.020555 0.012607
24 0.536423 0.561459 0.020555 0.012607
24 0.459070 0.513507 0.009376 0.028366
24 0.469708 0.513057 0.009737 0.025664
24 0.458529 0.540072 0.009737 0.022963
24 0.469708 0.540072 0.009737 0.026565
24 0.434547 0.562584 0.008655 0.034669
24 0.454021 0.557181 0.028128 0.012157
24 0.452939 0.569788 0.028128 0.012157
24 0.463217 0.594327 0.009737 0.036020
24 0.501442 0.565286 0.010458 0.027465
24 0.511179 0.566186 0.010458 0.027465
24 0.520736 0.566186 0.010097 0.025664
24 0.511540 0.587348 0.028489 0.012157
24 0.511540 0.599955 0.028489 0.012157
11 0.474757 0.490320 0.006852 0.017109
11 0.501442 0.517785 0.007573 0.018010
11 0.510097 0.517785 0.007573 0.018010
11 0.519113 0.517785 0.007573 0.018010
11 0.519113 0.539847 0.007573 0.018010
11 0.510097 0.539397 0.007573 0.018010
11 0.501082 0.539847 0.007573 0.018010
11 0.474396 0.562810 0.007573 0.018010
11 0.474035 0.593877 0.007573 0.018010
18 0.488280 0.485142 0.014425 0.009455
18 0.487919 0.496398 0.014425 0.009455
18 0.487559 0.557632 0.014425 0.009455
18 0.487559 0.568438 0.014425 0.009455
18 0.487559 0.588699 0.015146 0.009455
18 0.487559 0.599505 0.015146 0.009455
11 0.536964 0.512607 0.020916 0.011256
11 0.537324 0.528816 0.020916 0.011256
11 0.536603 0.545475 0.020916 0.011256
11 0.568698 0.518460 0.035341 0.031968
11 0.563649 0.546150 0.024522 0.018010
11 0.483411 0.517560 0.004688 0.012157
11 0.491706 0.517560 0.004688 0.012157
11 0.483411 0.539622 0.004688 0.012157
11 0.491345 0.539622 0.004688 0.012157
24 0.578435 0.602656 0.010097 0.034669
24 0.599351 0.604232 0.010097 0.030617
24 0.589254 0.606258 0.010097 0.026565
11 0.579877 0.634174 0.007212 0.017560
11 0.598269 0.634624 0.007212 0.017560
14 0.589614 0.634399 0.007934 0.020711
24 0.646412 0.604683 0.009737 0.036020
24 0.656690 0.604908 0.009376 0.035570
24 0.665885 0.604683 0.009016 0.035119
24 0.675081 0.606258 0.009376 0.033769
24 0.685179 0.605583 0.008655 0.035119
24 0.694555 0.605583 0.008655 0.035119
24 0.703570 0.605583 0.008655 0.035119
24 0.714208 0.606033 0.009737 0.035119
24 0.654706 0.670419 0.009737 0.035119
20 0.647133 0.637326 0.006852 0.018460
18 0.656149 0.637551 0.006852 0.018010
18 0.665164 0.637551 0.006852 0.018010
18 0.674180 0.637551 0.006852 0.018010
18 0.687523 0.638001 0.006852 0.018010
18 0.696538 0.638001 0.006852 0.018010
18 0.705193 0.638001 0.006852 0.018010
18 0.714208 0.638001 0.006852 0.018010
24 0.831771 0.460378 0.029210 0.012157
24 0.831049 0.487168 0.027768 0.012607
24 0.831771 0.506979 0.024883 0.012607
24 0.832672 0.534219 0.028128 0.012157
24 0.828345 0.474111 0.021637 0.011706
24 0.829427 0.520486 0.021637 0.011706
24 0.811396 0.556281 0.028128 0.012157
21 0.761991 0.430887 0.017310 0.049527
21 0.761089 0.564611 0.016228 0.049527
21 0.783448 0.498649 0.015507 0.133724
18 0.805626 0.464881 0.014425 0.009455
18 0.805626 0.509455 0.014425 0.009455
18 0.805265 0.531517 0.014425 0.009455
11 0.805626 0.475912 0.009376 0.006303
11 0.805445 0.520711 0.009737 0.006754
11 0.805085 0.543224 0.009737 0.006754
24 0.816444 0.576542 0.028128 0.012157
24 0.827263 0.595227 0.028850 0.012607
24 0.890011 0.608510 0.029571 0.012157
24 0.846376 0.583746 0.009376 0.034669
24 0.855932 0.582620 0.009016 0.036020
24 0.785972 0.599955 0.009737 0.034669
24 0.796430 0.600180 0.009016 0.035119
24 0.807248 0.601081 0.009737 0.034219
21 0.930040 0.650608 0.041111 0.050428
24 0.866571 0.684151 0.029571 0.012157
24 0.805265 0.683026 0.010097 0.032418
6 0.825820 0.665916 0.026686 0.013507
18 0.791381 0.576317 0.014785 0.009005
18 0.795709 0.632148 0.006852 0.018010
18 0.785972 0.631247 0.006852 0.018010
11 0.804904 0.632373 0.006491 0.018460
11 0.804724 0.654435 0.006852 0.018460
18 0.844392 0.611436 0.014064 0.009005
20 0.858817 0.616164 0.006852 0.018460
18 0.867833 0.616164 0.007573 0.017560
18 0.881176 0.622017 0.014785 0.009455
6 0.827263 0.643629 0.024522 0.026565
18 0.867472 0.660738 0.042193 0.025664
24 0.948612 0.717019 0.026325 0.013057
11 0.947710 0.735029 0.025965 0.018460
18 0.946989 0.756866 0.014425 0.009905
24 0.946268 0.772625 0.028850 0.013507
6 0.061666 0.635074 0.036062 0.050878
6 0.050307 0.675146 0.021277 0.013958
11 0.092138 0.635299 0.004688 0.011706
24 0.093040 0.610986 0.010097 0.025214
24 0.115939 0.653534 0.009737 0.034669
24 0.128201 0.653084 0.009737 0.031968
24 0.138658 0.651508 0.009737 0.034219
24 0.147674 0.652859 0.009016 0.032418
24 0.156329 0.652409 0.009016 0.032418
24 0.165344 0.652409 0.009016 0.032418
24 0.173999 0.652409 0.009016 0.032418
24 0.183015 0.652409 0.009016 0.032418
24 0.191670 0.652859 0.009016 0.032418
24 0.200685 0.652859 0.009016 0.032418
11 0.116841 0.624493 0.006491 0.017109
11 0.128381 0.624493 0.007212 0.017109
11 0.139199 0.624944 0.005049 0.012607
11 0.148215 0.625169 0.005770 0.013057
11 0.157230 0.625169 0.005770 0.013057
11 0.165885 0.625169 0.005770 0.013057
11 0.174901 0.625619 0.005770 0.013057
11 0.183556 0.625619 0.005770 0.013057
11 0.192571 0.625619 0.005770 0.013057
11 0.201587 0.625619 0.005770 0.013057
24 0.359358 0.640252 0.021998 0.011706
24 0.359358 0.651283 0.021998 0.011256
24 0.358276 0.662765 0.019834 0.010806
24 0.359178 0.673796 0.020916 0.011256
24 0.358817 0.685052 0.020916 0.011256
24 0.358817 0.695858 0.020916 0.011256
24 0.351064 0.717695 0.010458 0.027015
24 0.409665 0.718370 0.009376 0.026565
24 0.380094 0.733904 0.020916 0.011706
11 0.362243 0.716569 0.008294 0.026565
11 0.397584 0.717470 0.008294 0.026565
11 0.380454 0.655561 0.009376 0.007204
11 0.380454 0.666367 0.009376 0.007204
11 0.380454 0.677172 0.009376 0.007204
11 0.379913 0.688654 0.014064 0.009455
11 0.379913 0.700135 0.014064 0.008104
11 0.379553 0.711166 0.013343 0.008555
11 0.379733 0.722197 0.013704 0.009005
11 0.451497 0.617965 0.012982 0.018460
11 0.460151 0.627195 0.015867 0.018010
11 0.468085 0.637551 0.021637 0.026114
11 0.478543 0.650833 0.027407 0.033769
11 0.482510 0.684376 0.014425 0.009005
18 0.478002 0.700810 0.006852 0.018460
18 0.486657 0.701261 0.006852 0.018460
24 0.507032 0.680549 0.028128 0.013057
24 0.500541 0.705763 0.010097 0.036470
24 0.512441 0.705763 0.010097 0.036470
24 0.435088 0.637551 0.019834 0.025214
24 0.441940 0.647006 0.019834 0.025214
24 0.449513 0.657362 0.019834 0.025214
24 0.446448 0.686853 0.024522 0.031067
24 0.438875 0.695858 0.024522 0.031067
20 0.462315 0.669068 0.013704 0.016209
20 0.456004 0.676722 0.014064 0.017109
19 0.583484 0.742458 0.057699 0.060333
24 0.595564 0.781180 0.014785 0.012607
24 0.619726 0.786132 0.009737 0.036920
24 0.620627 0.699910 0.009376 0.032868
20 0.620627 0.730527 0.007212 0.018460
18 0.620267 0.755065 0.008655 0.022512
18 0.666426 0.673345 0.007212 0.018460
18 0.686982 0.679199 0.014425 0.009455
24 0.686621 0.693381 0.028128 0.013507
24 0.681031 0.775101 0.028489 0.012157
18 0.681212 0.792436 0.014425 0.009905
11 0.681031 0.803917 0.014785 0.009455
24 0.682654 0.820576 0.024522 0.013057
20 0.084926 0.707114 0.014785 0.008555
24 0.085647 0.692931 0.020555 0.013507
24 0.128381 0.689779 0.018031 0.012607
24 0.172917 0.690455 0.014785 0.013057
24 0.242517 0.707789 0.027047 0.012607
11 0.242337 0.726249 0.025243 0.018910
21 0.129282 0.768798 0.130905 0.052679
21 0.310494 0.770824 0.178146 0.051328
24 0.291021 0.697659 0.020916 0.013057
24 0.274973 0.721972 0.010458 0.034669
24 0.308511 0.722647 0.009737 0.034219
18 0.287414 0.727150 0.006491 0.018010
18 0.296430 0.726700 0.006491 0.018010
11 0.291742 0.712067 0.010097 0.006754
20 0.129282 0.707564 0.014785 0.008555
20 0.174721 0.708465 0.014785 0.008555
18 0.080238 0.723998 0.006852 0.018010
18 0.089254 0.723998 0.006852 0.018010
24 0.057519 0.717244 0.009737 0.036020
24 0.067616 0.716794 0.009737 0.036020
24 0.111973 0.718595 0.010458 0.031517
24 0.145871 0.717695 0.010458 0.035119
24 0.159574 0.718595 0.009737 0.035119
24 0.191670 0.718595 0.009737 0.035119
18 0.124594 0.724448 0.006852 0.018010
18 0.133249 0.724899 0.006852 0.018010
18 0.170754 0.725799 0.006852 0.018010
18 0.179048 0.725349 0.006852 0.018010
24 0.251533 0.943944 0.046520 0.016659
24 0.290660 0.960153 0.100974 0.014858
24 0.296430 0.945295 0.031735 0.013057
24 0.334295 0.945970 0.025965 0.014408
24 0.033898 0.706439 0.028128 0.013507
24 0.034079 0.719045 0.027768 0.011706
24 0.028128 0.743359 0.009376 0.036920
24 0.039668 0.743584 0.010097 0.035570
24 0.034620 0.768798 0.015146 0.013958
24 0.033898 0.785682 0.028128 0.013507
24 0.032997 0.799190 0.027768 0.011706
24 0.028489 0.823278 0.010097 0.036470
24 0.038406 0.822828 0.009737 0.035570
24 0.032816 0.848942 0.015146 0.013958
18 0.057880 0.804142 0.014064 0.009005
18 0.057519 0.816749 0.014064 0.009005
18 0.053191 0.832958 0.007573 0.018910
18 0.061846 0.833183 0.006852 0.018460
11 0.057880 0.849617 0.014064 0.009005
18 0.083484 0.804593 0.014064 0.009005
18 0.083123 0.816749 0.014785 0.009905
18 0.078796 0.832958 0.007573 0.018910
18 0.087811 0.832958 0.007573 0.018910
11 0.083303 0.849842 0.015146 0.010356
18 0.108727 0.804593 0.014064 0.009005
18 0.109088 0.817199 0.014785 0.009905
18 0.104039 0.833859 0.007573 0.018910
18 0.113054 0.833859 0.007573 0.018910
11 0.108907 0.850743 0.015146 0.010356
11 0.135593 0.850743 0.015146 0.010356
18 0.130725 0.833859 0.007573 0.018910
18 0.139740 0.833859 0.007573 0.018910
18 0.135052 0.817650 0.014785 0.009905
18 0.135413 0.805043 0.014064 0.009005
18 0.162099 0.805493 0.014064 0.009005
18 0.162099 0.818100 0.014785 0.009905
18 0.157411 0.834309 0.007573 0.018910
18 0.166426 0.834759 0.007573 0.018910
11 0.161918 0.851643 0.015146 0.010356
18 0.184998 0.806168 0.015146 0.009455
18 0.184818 0.818100 0.014785 0.009905
18 0.189506 0.834309 0.007573 0.018910
18 0.180490 0.834759 0.007573 0.018910
11 0.184638 0.851643 0.015146 0.010356
24 0.105121 0.863800 0.028489 0.012157
24 0.136855 0.864250 0.028489 0.012157
24 0.178687 0.866952 0.028489 0.012157
24 0.105481 0.875957 0.028489 0.012157
24 0.136855 0.876857 0.028489 0.012157
24 0.178687 0.879109 0.028489 0.012157
24 0.068698 0.906799 0.015507 0.039622
24 0.079336 0.908600 0.011540 0.036020
24 0.075370 0.934714 0.019473 0.016209
24 0.100252 0.929086 0.010097 0.027465
24 0.110350 0.929536 0.010097 0.027465
24 0.147854 0.931337 0.010097 0.027465
24 0.158312 0.931337 0.010097 0.027465
24 0.124955 0.931562 0.009737 0.034219
24 0.135593 0.932463 0.010097 0.032418
24 0.128922 0.954750 0.014064 0.012157
24 0.172376 0.907474 0.010097 0.032868
24 0.184638 0.905448 0.010097 0.036920
24 0.178146 0.930437 0.015146 0.013057
24 0.211323 0.800540 0.028128 0.012607
24 0.210602 0.812922 0.027407 0.013057
24 0.202308 0.837911 0.010097 0.036920
24 0.216012 0.837461 0.010819 0.035119
24 0.209340 0.863125 0.014785 0.013507
18 0.107825 0.901171 0.007212 0.018460
18 0.117562 0.901621 0.007212 0.018460
18 0.139740 0.901621 0.007573 0.018460
18 0.152723 0.902071 0.007573 0.018460
18 0.219257 0.902972 0.007212 0.018460
18 0.232239 0.903422 0.007212 0.018460
18 0.298954 0.904322 0.007212 0.018460
18 0.312297 0.904773 0.007212 0.018460
18 0.379012 0.894417 0.007212 0.018460
24 0.243058 0.903872 0.010097 0.027465
24 0.253516 0.902972 0.010097 0.027465
24 0.299135 0.878208 0.010458 0.024764
24 0.312477 0.876857 0.010458 0.028366
24 0.368013 0.893516 0.009016 0.027465
24 0.439055 0.893967 0.009016 0.027465
24 0.510278 0.895092 0.009376 0.027915
24 0.581680 0.896443 0.009376 0.027915
18 0.450054 0.895768 0.007212 0.018460
18 0.521457 0.896668 0.007212 0.018460
18 0.592860 0.897118 0.007212 0.018460
21 0.404977 0.894867 0.015867 0.111211
21 0.476740 0.896668 0.015867 0.111211
21 0.548503 0.898919 0.015867 0.111211
6 0.241796 0.825754 0.027768 0.036020
6 0.243058 0.854345 0.027407 0.013057
11 0.263613 0.832508 0.005049 0.012607
24 0.274252 0.846466 0.010458 0.035119
14 0.268301 0.811796 0.016589 0.009905
24 0.283808 0.811571 0.010097 0.029266
24 0.298954 0.820576 0.010097 0.035570
24 0.328886 0.855696 0.010097 0.029266
24 0.344032 0.856596 0.010097 0.035570
24 0.355572 0.855245 0.010097 0.035570
24 0.368554 0.856146 0.010097 0.035570
11 0.314281 0.822377 0.014785 0.033769
11 0.344933 0.821927 0.014785 0.033769
14 0.329968 0.822377 0.014425 0.033769
11 0.356653 0.821252 0.007212 0.018010
11 0.366030 0.822152 0.007212 0.018010
24 0.450415 0.764971 0.010097 0.036920
24 0.461414 0.766772 0.010458 0.034219
24 0.472413 0.766321 0.010819 0.035119
24 0.464479 0.822377 0.028128 0.013057
6 0.517851 0.778028 0.026686 0.013507
18 0.468446 0.797614 0.007212 0.018460
18 0.477101 0.798064 0.007212 0.018460
11 0.486296 0.797839 0.007573 0.018010
11 0.486296 0.819901 0.007573 0.018010
24 0.678327 0.859523 0.009376 0.027915
24 0.689145 0.859523 0.009376 0.027915
24 0.663722 0.918955 0.009737 0.024313
24 0.674721 0.920081 0.010097 0.028366
24 0.673999 0.952949 0.010097 0.028366
24 0.663541 0.953399 0.010097 0.028366
24 0.660296 0.886312 0.010097 0.018460
24 0.736567 0.865376 0.012622 0.012607
24 0.705554 0.905223 0.015507 0.013057
24 0.705013 0.938316 0.015146 0.012607
24 0.708258 0.849617 0.020195 0.012607
24 0.770285 0.848041 0.022358 0.013057
24 0.836639 0.848942 0.022358 0.013057
24 0.898305 0.847141 0.022358 0.013057
24 0.854309 0.866952 0.014425 0.013057
24 0.830689 0.905673 0.015507 0.013057
24 0.828525 0.937866 0.014785 0.012607
24 0.796250 0.864475 0.010097 0.015308
24 0.774252 0.889689 0.008655 0.027015
24 0.783628 0.889689 0.009376 0.027015
24 0.781464 0.921207 0.009376 0.027015
24 0.772629 0.922107 0.009016 0.025214
24 0.772268 0.954300 0.009016 0.027465
24 0.781284 0.954300 0.009016 0.027465
24 0.791922 0.954525 0.009376 0.027915
24 0.802741 0.954075 0.009376 0.027915
24 0.802741 0.921207 0.009376 0.027915
24 0.793365 0.920756 0.009376 0.027915
24 0.819690 0.858622 0.009376 0.027915
24 0.808871 0.858622 0.009376 0.027915
21 0.883880 0.766096 0.071403 0.085097
24 0.802200 0.808645 0.010458 0.035119
24 0.812838 0.807519 0.010819 0.036470
24 0.823657 0.807744 0.009376 0.036020
24 0.835016 0.760018 0.010458 0.036020
24 0.914713 0.820351 0.010458 0.036020
24 0.950956 0.872580 0.029571 0.014408
24 0.953300 0.803467 0.015507 0.013958
24 0.869455 0.861774 0.010819 0.027915
24 0.880635 0.861774 0.010819 0.027915
11 0.673098 0.886763 0.007573 0.018460
11 0.798233 0.889014 0.007573 0.018460
20 0.834295 0.816524 0.006852 0.018460
18 0.708979 0.863575 0.015146 0.009905
18 0.771727 0.864025 0.015146 0.009905
18 0.834475 0.864926 0.015146 0.009905
18 0.896863 0.865376 0.015146 0.009905
18 0.955283 0.857271 0.015146 0.009905
18 0.690948 0.887663 0.007212 0.019361
18 0.699964 0.887663 0.007212 0.019361
18 0.699784 0.920756 0.006852 0.018910
18 0.690588 0.920531 0.007212 0.018460
18 0.689506 0.954300 0.007212 0.018460
18 0.698702 0.954075 0.006852 0.018910
19 0.727191 0.887663 0.024883 0.026565
19 0.726470 0.920531 0.024883 0.026565
19 0.726830 0.954300 0.024883 0.026565
19 0.851965 0.889464 0.024883 0.026565
19 0.851965 0.922332 0.024883 0.026565
19 0.851605 0.955651 0.024883 0.026565
24 0.918680 0.965331 0.014785 0.031517
24 0.904796 0.963530 0.013704 0.029716
24 0.895060 0.925034 0.007934 0.031968
24 0.903534 0.922783 0.012622 0.036470
18 0.753336 0.888113 0.007212 0.019361
18 0.763072 0.888113 0.007212 0.019361
18 0.762351 0.921432 0.007212 0.019361
18 0.753336 0.921432 0.007212 0.019361
18 0.752975 0.955200 0.007212 0.019361
18 0.761991 0.955200 0.007212 0.019361
18 0.816084 0.889014 0.006491 0.018460
18 0.825279 0.889239 0.007573 0.018010
18 0.816084 0.922107 0.007934 0.018910
18 0.824919 0.922332 0.007573 0.018460
18 0.815543 0.955651 0.007573 0.019361
18 0.824919 0.956101 0.007573 0.019361
18 0.879012 0.889464 0.007573 0.018460
18 0.887667 0.889914 0.007573 0.019361
18 0.874865 0.923008 0.007212 0.018910
18 0.883880 0.923458 0.007212 0.018910
18 0.874684 0.956776 0.006852 0.019811
18 0.884421 0.956776 0.006852 0.019811
19 0.950775 0.829356 0.029210 0.036020
18 0.928958 0.823953 0.007934 0.018910
21 0.619546 0.897569 0.015867 0.111211
6 0.508655 0.801666 0.025604 0.028366
18 0.834656 0.790635 0.007573 0.018910
18 0.843671 0.816974 0.006852 0.018460
18 0.852687 0.816524 0.006852 0.018460
24 0.310314 0.062359 0.060224 0.054480
21 0.910927 0.500000 0.025965 0.214768
24 0.600433 0.412877 0.023080 0.030617
24 0.866571 0.660288 0.015867 0.012157
24 0.581861 0.745385 0.022719 0.041873
20 0.756040 0.635750 0.016228 0.021612
