10 0.126406 0.128484 0.063246 0.052928
12 0.217269 0.151879 0.112683 0.144720
12 0.370440 0.151240 0.111490 0.149578
12 0.524719 0.152135 0.107399 0.147788
12 0.675844 0.152902 0.108592 0.145231
10 0.775315 0.130785 0.064439 0.052416
7 0.774463 0.210816 0.039550 0.026847
7 0.774037 0.400153 0.035288 0.027614
12 0.771054 0.518537 0.039550 0.082332
11 0.773355 0.585656 0.027446 0.029404
12 0.723491 0.761826 0.109785 0.058553
12 0.587368 0.762465 0.139277 0.052161
10 0.759461 0.879443 0.034436 0.092815
10 0.705932 0.878420 0.034095 0.095883
10 0.645499 0.878420 0.035288 0.092304
10 0.586089 0.877908 0.034436 0.092304
18 0.308387 0.919714 0.013297 0.011250
18 0.308046 0.909870 0.013979 0.010483
18 0.308387 0.899386 0.013297 0.011506
18 0.261081 0.920225 0.013808 0.012273
18 0.261081 0.909358 0.013126 0.009460
18 0.261422 0.899386 0.013808 0.011506
18 0.214797 0.920225 0.013979 0.011250
18 0.214797 0.909614 0.013979 0.009972
18 0.214797 0.899386 0.013979 0.010483
18 0.167746 0.920481 0.013638 0.010739
18 0.168087 0.910381 0.012956 0.009460
18 0.167917 0.899642 0.013297 0.009972
18 0.331742 0.782153 0.006819 0.018410
18 0.325349 0.782792 0.008012 0.019177
18 0.317849 0.782920 0.006989 0.020967
18 0.301995 0.782920 0.007330 0.019944
18 0.295005 0.781897 0.005967 0.019944
18 0.288698 0.782153 0.006648 0.019432
18 0.281708 0.782664 0.007671 0.019432
18 0.221616 0.762465 0.009547 0.027614
18 0.221616 0.690361 0.009887 0.027614
18 0.235510 0.732166 0.013467 0.010995
18 0.235510 0.721938 0.012786 0.009460
18 0.289465 0.649578 0.012274 0.009972
18 0.302165 0.650345 0.013808 0.010483
18 0.319383 0.649834 0.013467 0.010483
18 0.332083 0.649834 0.013297 0.010483
18 0.328929 0.665814 0.006989 0.019432
20 0.309154 0.668243 0.006989 0.019688
18 0.292618 0.665559 0.007330 0.018921
18 0.430702 0.676042 0.012104 0.028126
18 0.434708 0.759269 0.015343 0.013040
18 0.301995 0.550499 0.007330 0.019432
18 0.295346 0.550754 0.006648 0.020967
18 0.288357 0.551010 0.007330 0.019432
18 0.348278 0.531705 0.014320 0.012017
20 0.348278 0.520967 0.013638 0.009460
20 0.348619 0.511634 0.012956 0.009205
20 0.348108 0.501023 0.013297 0.009972
20 0.348619 0.490540 0.013638 0.010995
18 0.133566 0.290335 0.013467 0.012529
18 0.180532 0.240220 0.013638 0.010483
18 0.180532 0.250959 0.013638 0.009972
18 0.234316 0.261186 0.007671 0.018665
18 0.241476 0.261698 0.007330 0.022756
18 0.221190 0.310662 0.008012 0.020967
18 0.241306 0.331373 0.007671 0.020455
18 0.241135 0.361289 0.008694 0.021989
18 0.334896 0.290718 0.007671 0.020455
18 0.334385 0.361289 0.008012 0.020967
18 0.342226 0.361289 0.006308 0.020967
18 0.392431 0.391076 0.007160 0.020711
18 0.399761 0.391844 0.007160 0.021222
18 0.406495 0.392099 0.005626 0.019688
18 0.419792 0.391588 0.006989 0.019688
18 0.430020 0.377014 0.012104 0.010483
18 0.428230 0.366530 0.012956 0.012529
17 0.106972 0.806699 0.007671 0.025569
17 0.147460 0.851317 0.015002 0.009460
17 0.194852 0.850550 0.016365 0.009972
17 0.241562 0.850038 0.015343 0.009972
17 0.288271 0.849783 0.016025 0.010483
17 0.147289 0.910253 0.017388 0.030171
17 0.194511 0.909230 0.017729 0.031194
17 0.241391 0.908975 0.017047 0.032728
17 0.288442 0.909486 0.017047 0.029660
17 0.106802 0.390821 0.016195 0.010995
17 0.106802 0.360394 0.015513 0.009460
17 0.125469 0.178982 0.016706 0.011762
12 0.096147 0.298901 0.047051 0.086423
12 0.169110 0.512017 0.185817 0.176681
7 0.131435 0.648428 0.020798 0.058297
12 0.132373 0.737919 0.105182 0.097673
12 0.706955 0.304014 0.140811 0.052161
12 0.542022 0.305548 0.176441 0.052161
11 0.133055 0.250064 0.011763 0.028126
11 0.132714 0.270136 0.014149 0.010483
11 0.133311 0.280107 0.011251 0.008438
11 0.133737 0.320890 0.008694 0.006648
11 0.133737 0.330862 0.013126 0.010739
11 0.129560 0.355408 0.010910 0.027103
11 0.173969 0.371005 0.008012 0.009205
14 0.146608 0.249680 0.009206 0.022245
14 0.140556 0.360649 0.008353 0.024290
11 0.267474 0.778445 0.011251 0.028893
11 0.268155 0.747891 0.010910 0.028637
11 0.267729 0.707108 0.010058 0.027359
11 0.245738 0.726541 0.006989 0.020199
11 0.255455 0.731910 0.012786 0.013040
11 0.279492 0.760036 0.007330 0.020199
11 0.279748 0.689721 0.008524 0.021734
11 0.267729 0.678215 0.010740 0.028893
16 0.244033 0.761442 0.028469 0.041933
16 0.243352 0.689466 0.028469 0.041677
16 0.381691 0.767067 0.028640 0.042956
16 0.390215 0.681667 0.042278 0.061877
14 0.274889 0.575812 0.009376 0.024035
11 0.274974 0.500639 0.006819 0.005114
11 0.274633 0.510739 0.006478 0.005881
11 0.274719 0.520839 0.006648 0.005114
11 0.275060 0.530555 0.013467 0.012784
11 0.311456 0.567118 0.003409 0.011250
11 0.331231 0.546280 0.004091 0.012017
11 0.345977 0.548709 0.017559 0.014830
11 0.323645 0.569420 0.013126 0.012273
11 0.366519 0.302480 0.020457 0.040910
11 0.374190 0.343902 0.015343 0.015341
11 0.368053 0.361800 0.018411 0.015341
11 0.430106 0.397341 0.011933 0.010739
11 0.429765 0.386858 0.013297 0.011250
11 0.429935 0.344413 0.010910 0.028637
11 0.327821 0.456661 0.004432 0.010739
11 0.343505 0.457172 0.020116 0.015853
11 0.347085 0.678599 0.010910 0.030171
11 0.345210 0.713373 0.008524 0.021989
11 0.344698 0.740220 0.008183 0.020455
11 0.338561 0.782409 0.006137 0.018921
11 0.347767 0.774482 0.010910 0.028637
11 0.405728 0.759397 0.010910 0.027103
11 0.418343 0.758630 0.010910 0.030683
11 0.430276 0.714651 0.019775 0.039887
18 0.560689 0.734595 0.009206 0.021478
11 0.285373 0.665047 0.006137 0.019432
11 0.301909 0.667860 0.006478 0.020967
11 0.315547 0.667860 0.007842 0.019944
11 0.335663 0.665047 0.006478 0.020455
6 0.307535 0.500384 0.044323 0.066479
6 0.180702 0.310151 0.065462 0.095116
6 0.287334 0.309000 0.075179 0.111225
6 0.400273 0.354129 0.030685 0.045001
16 0.407603 0.291997 0.054893 0.074150
6 0.693147 0.539760 0.067508 0.142163
6 0.310603 0.723984 0.051142 0.075940
6 0.531623 0.541549 0.147119 0.213756
20 0.254688 0.634109 0.016365 0.027103
24 0.123082 0.094477 0.023184 0.009972
24 0.123764 0.165175 0.022844 0.011250
24 0.101688 0.178982 0.022332 0.013807
24 0.138340 0.194835 0.026764 0.014830
24 0.137146 0.210560 0.024037 0.014063
24 0.138851 0.225006 0.027446 0.013807
24 0.119843 0.236768 0.009547 0.038865
24 0.101602 0.244311 0.018752 0.017131
24 0.157006 0.241882 0.009547 0.032217
24 0.133140 0.300690 0.021480 0.010739
24 0.133140 0.311429 0.021480 0.009716
24 0.206444 0.235745 0.027617 0.014319
24 0.206188 0.250831 0.027105 0.014319
24 0.283669 0.095883 0.015002 0.016364
24 0.109018 0.375096 0.021309 0.015341
24 0.111831 0.405395 0.026253 0.015086
24 0.130157 0.393122 0.010058 0.040655
24 0.140556 0.392483 0.010740 0.032728
6 0.159137 0.370621 0.019264 0.015086
24 0.192976 0.371005 0.026594 0.016364
24 0.223747 0.268601 0.008694 0.040655
24 0.232100 0.285988 0.007671 0.024290
24 0.249318 0.237279 0.018923 0.011250
24 0.272673 0.237279 0.017559 0.009716
24 0.256989 0.252749 0.020968 0.013040
24 0.221190 0.344158 0.009717 0.039376
24 0.231077 0.323447 0.009717 0.040399
24 0.230822 0.363973 0.010910 0.040143
24 0.250597 0.411148 0.014661 0.016875
6 0.273014 0.371772 0.019264 0.015341
6 0.303188 0.371261 0.018582 0.015341
24 0.335237 0.259652 0.009717 0.040655
24 0.331316 0.329455 0.009376 0.039120
24 0.341459 0.329583 0.009547 0.038865
24 0.351091 0.298901 0.009035 0.039887
24 0.351262 0.339555 0.009376 0.039887
24 0.356631 0.381488 0.025912 0.013807
24 0.399079 0.238047 0.017729 0.009716
24 0.422179 0.238302 0.017559 0.009716
6 0.376236 0.401943 0.024207 0.014319
24 0.443573 0.262337 0.013979 0.013807
24 0.448517 0.292508 0.012956 0.014319
24 0.444766 0.335208 0.009547 0.038353
24 0.453120 0.361928 0.026935 0.015086
24 0.453205 0.377141 0.027105 0.014319
24 0.452779 0.391844 0.025571 0.013040
24 0.452779 0.406673 0.025571 0.014574
24 0.549096 0.232933 0.017729 0.009716
24 0.572366 0.232933 0.017559 0.009716
24 0.481845 0.317182 0.013808 0.014574
24 0.468462 0.260419 0.006478 0.025313
24 0.484998 0.260036 0.006478 0.026592
24 0.504859 0.262976 0.005967 0.009460
24 0.521309 0.263232 0.006819 0.008949
24 0.538186 0.259013 0.006478 0.028637
24 0.554807 0.259141 0.005967 0.028381
24 0.571599 0.259780 0.006478 0.028126
24 0.588135 0.259397 0.006478 0.029404
24 0.604501 0.262593 0.006478 0.020967
24 0.620525 0.262593 0.006137 0.021478
24 0.502216 0.349399 0.006478 0.027359
24 0.519349 0.348888 0.005967 0.027870
24 0.536311 0.348888 0.006478 0.029404
24 0.553955 0.348632 0.006648 0.027359
24 0.569894 0.348632 0.006478 0.028893
24 0.587453 0.348888 0.006478 0.029404
24 0.604671 0.349143 0.007160 0.028893
24 0.620440 0.347993 0.006989 0.028126
24 0.435646 0.096523 0.014490 0.020199
24 0.587965 0.096395 0.015684 0.016364
24 0.695363 0.237791 0.017729 0.009716
24 0.718974 0.237279 0.017559 0.009716
24 0.740027 0.095883 0.012956 0.015853
24 0.774122 0.096523 0.026935 0.010483
24 0.774037 0.187676 0.019945 0.014319
24 0.774037 0.231910 0.023696 0.009716
24 0.647716 0.262465 0.006989 0.020711
24 0.664507 0.262209 0.006478 0.021222
24 0.681384 0.262209 0.006478 0.022245
24 0.697835 0.262081 0.006308 0.021989
24 0.714541 0.261953 0.006989 0.020199
24 0.731333 0.261826 0.006478 0.021989
24 0.748040 0.261953 0.006478 0.020199
24 0.764831 0.261186 0.006308 0.020711
24 0.783413 0.315776 0.013126 0.016364
24 0.647886 0.348760 0.007330 0.028126
24 0.664252 0.348504 0.005967 0.028637
24 0.681129 0.349016 0.006989 0.026592
24 0.697750 0.348121 0.006478 0.028381
24 0.714627 0.348121 0.006137 0.028381
24 0.731163 0.347993 0.006819 0.029660
24 0.747784 0.347993 0.006308 0.028637
24 0.764576 0.347865 0.006137 0.028381
24 0.773014 0.377781 0.019945 0.015086
24 0.173883 0.536180 0.084555 0.016364
24 0.274207 0.435822 0.020627 0.014574
24 0.276764 0.450908 0.026764 0.015086
24 0.272844 0.466505 0.019264 0.015086
24 0.273525 0.481207 0.020286 0.015853
6 0.306512 0.456277 0.020457 0.015086
24 0.327907 0.433137 0.009376 0.031194
24 0.343590 0.440808 0.019945 0.012273
24 0.266792 0.573638 0.006819 0.024802
24 0.285714 0.577218 0.007501 0.032984
24 0.295772 0.576835 0.008524 0.032217
24 0.305404 0.577729 0.008353 0.030938
24 0.315377 0.551521 0.017047 0.013807
24 0.340777 0.571082 0.020116 0.015597
24 0.284606 0.602020 0.021650 0.012529
24 0.308046 0.601636 0.022844 0.011762
24 0.330975 0.601509 0.021650 0.012017
24 0.353989 0.601253 0.021650 0.011506
24 0.369673 0.475837 0.026083 0.013807
24 0.369928 0.490923 0.026253 0.014319
24 0.369758 0.506264 0.025912 0.013296
24 0.369843 0.521478 0.025401 0.014063
24 0.369758 0.535669 0.025912 0.013807
24 0.360808 0.559192 0.008012 0.028637
24 0.375725 0.551010 0.019434 0.013296
24 0.434197 0.599080 0.091715 0.025569
24 0.405217 0.636154 0.012615 0.013296
6 0.517985 0.426234 0.016877 0.015853
24 0.622912 0.498082 0.043300 0.057274
24 0.664337 0.408847 0.129901 0.032217
6 0.691783 0.460496 0.018752 0.011762
24 0.681384 0.648683 0.099216 0.033751
24 0.750426 0.492329 0.004773 0.014063
24 0.797477 0.521478 0.006819 0.021222
24 0.772247 0.470724 0.013297 0.014319
24 0.772247 0.605344 0.020798 0.012017
24 0.121804 0.610841 0.019264 0.017898
24 0.100409 0.642419 0.006819 0.026336
24 0.148398 0.643442 0.006989 0.026336
24 0.123849 0.679110 0.058473 0.012784
24 0.175077 0.680900 0.020116 0.014830
24 0.235595 0.630401 0.016365 0.015086
24 0.243863 0.659806 0.015172 0.015086
24 0.211643 0.686525 0.009376 0.040910
24 0.191016 0.736001 0.008353 0.052416
24 0.210109 0.716952 0.023014 0.013296
24 0.209171 0.734723 0.022162 0.011506
24 0.211388 0.762081 0.009206 0.041166
24 0.268241 0.642802 0.009035 0.039376
24 0.278640 0.626438 0.006989 0.031705
24 0.285970 0.626566 0.006989 0.031450
24 0.295431 0.626055 0.008183 0.030938
24 0.305574 0.626566 0.008012 0.031961
24 0.315547 0.626694 0.007160 0.032217
24 0.328844 0.626566 0.007501 0.031961
24 0.338987 0.626183 0.007330 0.032728
24 0.348193 0.637561 0.009035 0.039632
24 0.278895 0.661340 0.008183 0.030938
24 0.281026 0.724879 0.007671 0.048581
24 0.220338 0.789824 0.014149 0.012784
24 0.235254 0.805676 0.006478 0.032217
24 0.242073 0.805804 0.006819 0.033495
24 0.265513 0.810790 0.007330 0.033240
24 0.275230 0.810534 0.006648 0.032217
24 0.281964 0.809767 0.007160 0.032728
24 0.288868 0.810023 0.006989 0.032217
24 0.295687 0.810534 0.006648 0.032728
24 0.302591 0.811429 0.007160 0.030938
24 0.312308 0.810023 0.007160 0.032217
24 0.319127 0.810023 0.006478 0.032217
24 0.325690 0.809639 0.006989 0.033495
24 0.341118 0.800179 0.021480 0.010995
24 0.363962 0.795193 0.020798 0.011250
24 0.383992 0.794554 0.014149 0.014063
24 0.359870 0.715290 0.018411 0.012529
6 0.361575 0.729353 0.022162 0.013552
24 0.361064 0.740859 0.021139 0.010995
24 0.140385 0.796471 0.009717 0.013807
24 0.178657 0.796216 0.010910 0.008693
24 0.117627 0.804654 0.008865 0.037331
24 0.405387 0.790335 0.007501 0.032728
24 0.418769 0.789568 0.007330 0.031705
24 0.440164 0.774227 0.026594 0.012784
24 0.444511 0.672462 0.008353 0.038353
24 0.447835 0.712605 0.008524 0.038865
24 0.509632 0.769241 0.012786 0.015597
24 0.552335 0.738686 0.006819 0.034262
24 0.575861 0.744950 0.012615 0.015086
24 0.594954 0.714140 0.006819 0.023523
24 0.611490 0.713500 0.006819 0.023268
24 0.627344 0.708131 0.007160 0.036052
24 0.644136 0.704807 0.006648 0.040655
24 0.544579 0.807850 0.006989 0.036564
24 0.561200 0.802864 0.006819 0.024546
24 0.577566 0.803119 0.006478 0.024035
24 0.594613 0.802992 0.006478 0.023779
24 0.611234 0.801202 0.006989 0.026336
24 0.627770 0.801969 0.006989 0.026336
24 0.644221 0.803759 0.006819 0.022756
24 0.680702 0.716696 0.006478 0.015853
24 0.697153 0.717080 0.006989 0.016620
24 0.713945 0.717464 0.006478 0.017387
24 0.730566 0.717080 0.006308 0.018665
24 0.747358 0.713117 0.006819 0.024035
24 0.763723 0.714267 0.007160 0.023779
24 0.680873 0.801713 0.007160 0.016620
24 0.697494 0.801841 0.006308 0.015341
24 0.713945 0.801457 0.006478 0.017131
24 0.730566 0.801713 0.006989 0.016620
24 0.747528 0.801330 0.007501 0.016875
24 0.764149 0.801330 0.006648 0.017387
24 0.781367 0.774482 0.010399 0.015341
24 0.107995 0.831245 0.030515 0.010739
24 0.146608 0.834953 0.020116 0.013040
24 0.146778 0.935183 0.021139 0.014063
24 0.173372 0.854769 0.020116 0.013296
24 0.173116 0.869854 0.019945 0.013807
24 0.173628 0.884684 0.020627 0.014830
24 0.193914 0.834953 0.020968 0.014063
24 0.193914 0.934544 0.021309 0.012273
24 0.220082 0.854513 0.020457 0.013296
24 0.220423 0.869471 0.020457 0.013552
24 0.218974 0.884684 0.017559 0.013296
24 0.240794 0.834569 0.020286 0.013807
24 0.240198 0.934416 0.019775 0.012529
24 0.267047 0.854385 0.020286 0.014063
24 0.266792 0.869087 0.019775 0.013807
24 0.266962 0.884556 0.019434 0.013552
24 0.287589 0.834186 0.020457 0.013040
24 0.287334 0.934288 0.019945 0.012784
24 0.310518 0.854257 0.020286 0.014319
24 0.310263 0.869215 0.020116 0.014063
24 0.310518 0.884045 0.020627 0.013552
24 0.381350 0.911787 0.008183 0.035796
24 0.434538 0.912043 0.008865 0.034262
24 0.487385 0.913321 0.007842 0.033751
24 0.540402 0.912171 0.008524 0.035541
24 0.587197 0.933777 0.028810 0.013296
24 0.647119 0.933521 0.029322 0.012784
24 0.706444 0.933521 0.027958 0.012784
24 0.760569 0.933649 0.029151 0.012529
24 0.773270 0.423677 0.031026 0.012273
24 0.381435 0.428663 0.009376 0.040143
24 0.391493 0.428791 0.009376 0.041422
24 0.401637 0.430197 0.008865 0.037075
24 0.411354 0.429558 0.008183 0.039887
24 0.421412 0.428279 0.009547 0.040399
20 0.413229 0.392483 0.006137 0.020967
24 0.183089 0.299923 0.020798 0.013807
24 0.287760 0.310279 0.038186 0.057530
24 0.406580 0.290335 0.032049 0.030427
24 0.514235 0.580031 0.048585 0.083610
24 0.562990 0.507287 0.046198 0.078752
12 0.113536 0.645231 0.015684 0.052928
24 0.220934 0.690744 0.004773 0.012529
24 0.221019 0.764255 0.004262 0.011250
24 0.242499 0.689210 0.010740 0.024290
24 0.243948 0.762976 0.010569 0.023012
24 0.390641 0.680900 0.023355 0.027103
24 0.382117 0.763104 0.014831 0.018665
24 0.430617 0.676298 0.004773 0.013807
12 0.449028 0.166198 0.015684 0.151368
11 0.274889 0.551138 0.017218 0.015597
