10 0.165192 0.078601 0.058154 0.067175
12 0.116098 0.220222 0.079646 0.155125
12 0.148335 0.502770 0.295828 0.355956
12 0.113359 0.789474 0.077539 0.209141
12 0.218289 0.282202 0.062368 0.056094
10 0.937632 0.081371 0.053940 0.061634
20 0.906026 0.130194 0.021070 0.015235
11 0.916983 0.153047 0.019385 0.013850
11 0.882427 0.168283 0.022756 0.016620
12 0.864728 0.281510 0.066582 0.201524
12 0.913611 0.328255 0.026970 0.181440
11 0.896123 0.423476 0.008007 0.029778
18 0.798989 0.181440 0.007585 0.033241
11 0.770544 0.196676 0.027391 0.026316
11 0.777075 0.316482 0.008428 0.036011
11 0.750948 0.194252 0.007585 0.028393
20 0.734092 0.175208 0.017699 0.027701
11 0.713443 0.170360 0.016856 0.013850
18 0.699326 0.192521 0.028234 0.019391
18 0.667720 0.236150 0.012221 0.044321
6 0.729246 0.281510 0.039191 0.067175
20 0.751580 0.387812 0.020649 0.015235
18 0.750948 0.403740 0.019385 0.015235
20 0.730299 0.396122 0.014328 0.026316
11 0.677202 0.314404 0.007585 0.030471
12 0.671934 0.373615 0.061104 0.054709
18 0.660346 0.315789 0.008428 0.029086
20 0.649389 0.315443 0.007585 0.031163
20 0.659503 0.281856 0.016013 0.030471
12 0.955331 0.632271 0.086810 0.214681
20 0.932153 0.778047 0.015171 0.025623
20 0.932364 0.806787 0.015592 0.027701
20 0.932364 0.835180 0.018963 0.024931
10 0.938264 0.932825 0.050147 0.066482
17 0.973030 0.808172 0.036241 0.069252
18 0.921197 0.878463 0.018542 0.017313
20 0.920354 0.859418 0.022756 0.018006
18 0.903287 0.778047 0.018963 0.015928
18 0.903919 0.806787 0.019385 0.015235
18 0.903076 0.833449 0.022756 0.018698
11 0.893173 0.677632 0.014749 0.025623
11 0.850822 0.750693 0.016856 0.026316
18 0.796882 0.835526 0.013485 0.022853
11 0.732617 0.817867 0.013064 0.026316
20 0.980405 0.487881 0.016435 0.051939
11 0.964602 0.494460 0.011799 0.033241
20 0.880952 0.505194 0.008007 0.033934
20 0.871471 0.497230 0.008428 0.033241
11 0.849768 0.472992 0.013906 0.024931
18 0.699326 0.455679 0.021492 0.040166
18 0.688580 0.475762 0.022756 0.037396
11 0.724610 0.451870 0.013064 0.021468
20 0.679098 0.506579 0.026549 0.042244
20 0.668352 0.475762 0.015171 0.024931
18 0.687737 0.415166 0.017699 0.013158
12 0.631268 0.438019 0.060683 0.053324
12 0.605141 0.498961 0.061525 0.053324
12 0.565529 0.565097 0.063211 0.058172
12 0.565107 0.630886 0.063211 0.055402
12 0.528866 0.717105 0.034555 0.101801
12 0.490518 0.716413 0.034555 0.103186
20 0.721028 0.796745 0.014328 0.024238
20 0.713021 0.783934 0.014328 0.023546
20 0.706068 0.770083 0.014749 0.023546
11 0.694690 0.749307 0.012221 0.023546
11 0.674673 0.723684 0.013485 0.024931
18 0.655078 0.709488 0.014749 0.022853
18 0.644121 0.688712 0.013064 0.024238
20 0.636115 0.722299 0.023177 0.038781
20 0.634008 0.754501 0.014749 0.025623
20 0.617151 0.728186 0.016435 0.028393
2 0.610409 0.767313 0.041719 0.069252
12 0.653392 0.799515 0.067004 0.107341
11 0.526759 0.845568 0.026970 0.022161
11 0.491150 0.845222 0.025706 0.024238
3 0.500632 0.796053 0.039612 0.043629
20 0.612516 0.620152 0.021492 0.054709
20 0.613780 0.561981 0.009692 0.039474
20 0.630636 0.556787 0.017278 0.049861
18 0.648546 0.560596 0.009271 0.029778
11 0.660767 0.541898 0.008428 0.028393
11 0.654024 0.496191 0.007585 0.029778
6 0.431943 0.785319 0.081753 0.162050
3 0.376106 0.735457 0.025706 0.066482
3 0.343447 0.735111 0.026127 0.065789
3 0.313316 0.735111 0.026549 0.067175
3 0.280447 0.735803 0.028234 0.068560
7 0.243363 0.739958 0.042562 0.108726
12 0.339654 0.894391 0.085124 0.198753
12 0.176359 0.946676 0.097345 0.054017
20 0.184576 0.889889 0.048883 0.047091
20 0.226717 0.882964 0.028656 0.027701
20 0.226717 0.853878 0.032870 0.027701
20 0.227349 0.823407 0.030763 0.027701
20 0.192794 0.834488 0.022335 0.013850
20 0.171934 0.832410 0.015171 0.029086
20 0.143279 0.889197 0.027813 0.029086
20 0.267594 0.832064 0.023599 0.038089
16 0.205225 0.718837 0.021913 0.027701
18 0.205015 0.689751 0.021492 0.013850
11 0.213654 0.749307 0.016856 0.013850
16 0.155499 0.695637 0.024442 0.025623
12 0.445217 0.647161 0.033291 0.104571
12 0.408133 0.648546 0.032448 0.101801
18 0.382006 0.637465 0.008850 0.032548
11 0.368310 0.663089 0.014328 0.039474
3 0.344079 0.647507 0.024863 0.069252
3 0.313527 0.648199 0.026970 0.067867
20 0.322798 0.584834 0.030341 0.024238
20 0.322377 0.552632 0.028656 0.026316
20 0.324694 0.525623 0.018963 0.016620
20 0.324273 0.499307 0.019806 0.016620
18 0.322587 0.473338 0.028234 0.021468
20 0.323220 0.441136 0.026127 0.022161
2 0.373578 0.496537 0.034134 0.076177
20 0.340919 0.399931 0.019385 0.017313
20 0.341761 0.381925 0.021070 0.015928
18 0.345976 0.347645 0.018542 0.013850
18 0.472819 0.627770 0.008428 0.028393
22 0.513274 0.612535 0.026127 0.072715
12 0.387695 0.376039 0.044669 0.128809
20 0.432364 0.424169 0.026970 0.027008
16 0.159924 0.314751 0.026549 0.027008
20 0.176570 0.265235 0.017699 0.029086
11 0.260008 0.285319 0.014328 0.045706
11 0.438475 0.576524 0.014749 0.013158
18 0.466287 0.576177 0.017278 0.013850
6 0.454277 0.511427 0.051412 0.085180
20 0.422672 0.570637 0.008428 0.031856
20 0.405183 0.570637 0.009692 0.034626
11 0.397177 0.523199 0.008850 0.028393
11 0.397387 0.479917 0.007585 0.030471
11 0.414876 0.395776 0.009692 0.033934
18 0.433207 0.400277 0.016856 0.019391
11 0.225453 0.157895 0.010957 0.031856
17 0.255373 0.172091 0.029499 0.027008
17 0.255373 0.204986 0.027813 0.026316
18 0.237463 0.240997 0.029920 0.022161
18 0.251791 0.148199 0.018963 0.013850
20 0.280025 0.164127 0.009692 0.031856
20 0.291825 0.165512 0.012221 0.036011
11 0.272019 0.239958 0.014749 0.024238
18 0.285082 0.266620 0.014749 0.024931
18 0.292878 0.279778 0.015171 0.024931
11 0.302781 0.295014 0.015592 0.027701
11 0.311631 0.315443 0.023177 0.038089
20 0.381795 0.238920 0.010114 0.033241
20 0.382638 0.201524 0.010114 0.030471
20 0.340287 0.320291 0.015592 0.025623
20 0.353982 0.301593 0.016013 0.024238
6 0.328066 0.221607 0.078803 0.134349
18 0.373156 0.164820 0.010535 0.036011
18 0.385377 0.164474 0.010535 0.035319
2 0.406448 0.219183 0.018121 0.065789
18 0.387273 0.275277 0.020228 0.014543
18 0.416140 0.288089 0.009692 0.029086
18 0.422882 0.313019 0.019806 0.011080
18 0.427729 0.341413 0.009271 0.029086
12 0.458070 0.264543 0.063211 0.056787
7 0.490518 0.179709 0.065740 0.079640
20 0.439739 0.151662 0.020649 0.018006
20 0.532238 0.249307 0.014328 0.024931
20 0.587863 0.166551 0.015171 0.024238
20 0.492415 0.332064 0.020649 0.015928
11 0.492836 0.366343 0.020649 0.015235
6 0.565529 0.286357 0.021913 0.029778
18 0.545091 0.282548 0.008007 0.029086
18 0.533080 0.283587 0.006743 0.029778
6 0.568268 0.192175 0.018963 0.036704
11 0.618205 0.209488 0.014328 0.014543
6 0.458070 0.349723 0.043826 0.062327
6 0.618205 0.176939 0.020228 0.036704
18 0.631058 0.240305 0.009692 0.036011
18 0.587021 0.283934 0.010114 0.031856
18 0.597977 0.284626 0.009271 0.029086
18 0.613569 0.322022 0.018542 0.012465
6 0.601770 0.353878 0.021913 0.034626
12 0.561104 0.375000 0.045091 0.126731
6 0.522335 0.338989 0.025706 0.040859
3 0.545301 0.503116 0.030341 0.049169
18 0.520438 0.511427 0.010957 0.029778
11 0.503161 0.515235 0.014328 0.044321
18 0.559840 0.448061 0.020649 0.015235
18 0.560683 0.467798 0.019806 0.015928
11 0.511799 0.476108 0.029077 0.022853
11 0.519806 0.426593 0.008850 0.029086
11 0.490518 0.465720 0.009271 0.029778
20 0.502950 0.431440 0.014749 0.058172
20 0.400126 0.170014 0.015592 0.027008
20 0.418036 0.165166 0.014328 0.027008
20 0.539612 0.165512 0.015592 0.022161
18 0.631690 0.281163 0.008428 0.034626
18 0.620312 0.282548 0.008428 0.031856
18 0.626422 0.360111 0.021492 0.015235
18 0.625369 0.383310 0.021070 0.018698
24 0.170038 0.033934 0.040034 0.024931
24 0.204593 0.080332 0.013064 0.044321
24 0.117783 0.106648 0.025706 0.024931
24 0.140750 0.134003 0.022756 0.021468
24 0.163085 0.133310 0.023599 0.020083
24 0.205225 0.130540 0.017699 0.022853
24 0.225664 0.130886 0.014749 0.029086
24 0.246523 0.131925 0.017699 0.021468
24 0.266119 0.130540 0.022335 0.024238
24 0.283397 0.124307 0.016435 0.022853
24 0.166877 0.157548 0.019385 0.022853
24 0.159924 0.199446 0.008007 0.027701
24 0.160135 0.244806 0.010957 0.027008
24 0.213443 0.203601 0.012221 0.027701
24 0.213864 0.230956 0.013064 0.024238
24 0.230721 0.203255 0.022335 0.021468
24 0.233460 0.221260 0.016013 0.018698
24 0.257480 0.229571 0.016013 0.025623
24 0.106616 0.217452 0.042141 0.051247
24 0.174041 0.288781 0.024442 0.024931
24 0.269912 0.149584 0.014749 0.019391
24 0.310156 0.164820 0.020228 0.038781
24 0.277497 0.193213 0.012221 0.023546
24 0.278340 0.215374 0.016435 0.019391
24 0.290350 0.194945 0.011799 0.024238
24 0.279182 0.254155 0.021492 0.033241
24 0.180573 0.318560 0.015592 0.023546
24 0.195322 0.324100 0.007164 0.023546
24 0.229667 0.324100 0.016856 0.022161
24 0.257059 0.321330 0.022756 0.023546
24 0.277286 0.301593 0.021913 0.031163
24 0.286136 0.315097 0.021070 0.033241
24 0.350611 0.156510 0.011799 0.024931
24 0.363253 0.156163 0.010957 0.022853
24 0.359250 0.179017 0.022335 0.024238
24 0.402233 0.148199 0.022335 0.019391
24 0.391066 0.198407 0.005057 0.021468
24 0.424357 0.223338 0.014328 0.021468
24 0.394227 0.257618 0.007164 0.022161
24 0.372314 0.202909 0.011378 0.026316
24 0.371892 0.238573 0.013064 0.027008
24 0.345133 0.279432 0.028656 0.045014
24 0.365571 0.277008 0.022335 0.030471
24 0.389802 0.291551 0.020228 0.020776
24 0.407080 0.264543 0.016013 0.019391
24 0.406658 0.291205 0.010957 0.036704
24 0.453856 0.154778 0.009271 0.024238
24 0.525074 0.152008 0.015171 0.022853
24 0.513064 0.233380 0.024020 0.020776
24 0.576485 0.151662 0.007585 0.020776
24 0.602402 0.151316 0.014749 0.021468
6 0.615466 0.241690 0.020649 0.038781
24 0.601770 0.180402 0.011799 0.035319
24 0.588706 0.192867 0.017699 0.021468
24 0.493890 0.246537 0.006743 0.024931
24 0.512432 0.255886 0.023599 0.018698
24 0.498525 0.281856 0.015171 0.022161
24 0.443110 0.303670 0.024863 0.022853
24 0.467552 0.306094 0.022335 0.022161
24 0.493047 0.314404 0.023599 0.023546
24 0.513064 0.282895 0.013064 0.035319
24 0.525706 0.283241 0.012221 0.036011
24 0.519806 0.309211 0.024020 0.021468
24 0.417615 0.362881 0.011799 0.040166
24 0.429625 0.373961 0.012221 0.037396
24 0.415718 0.331371 0.008850 0.022853
24 0.492625 0.349723 0.023599 0.020776
24 0.634218 0.165859 0.015171 0.025623
24 0.635904 0.208795 0.018542 0.025623
24 0.642014 0.240305 0.013906 0.040166
24 0.646018 0.278740 0.014328 0.039474
24 0.681627 0.235803 0.013064 0.040859
24 0.672145 0.276316 0.010957 0.033241
24 0.683523 0.277008 0.012642 0.036011
24 0.712811 0.154778 0.015592 0.022853
24 0.734092 0.151662 0.021913 0.023546
24 0.737252 0.198753 0.015592 0.020776
24 0.697429 0.214681 0.015171 0.022161
24 0.708386 0.240305 0.007585 0.022161
24 0.725874 0.239266 0.018121 0.022853
24 0.741888 0.238227 0.008850 0.022161
24 0.702276 0.260042 0.008850 0.022853
24 0.702065 0.307825 0.008428 0.020083
24 0.755162 0.272161 0.013485 0.022161
24 0.755373 0.298476 0.015592 0.022161
24 0.593552 0.311288 0.014749 0.021468
24 0.590603 0.331371 0.012221 0.024238
24 0.612094 0.307825 0.023177 0.020083
24 0.628529 0.323061 0.012221 0.038089
24 0.640118 0.323407 0.011799 0.036011
24 0.688791 0.310249 0.012221 0.026316
24 0.688580 0.334141 0.014328 0.024238
24 0.715761 0.325139 0.009692 0.022853
24 0.736831 0.325831 0.013906 0.021468
24 0.726928 0.346953 0.037927 0.024931
12 0.433207 0.069945 0.321113 0.137119
12 0.731563 0.070983 0.268858 0.140582
12 0.515381 0.938366 0.262958 0.123269
12 0.762748 0.936288 0.219132 0.126039
24 0.599874 0.250693 0.012221 0.029086
24 0.609777 0.283241 0.011799 0.026316
24 0.603034 0.378809 0.023599 0.020776
24 0.708807 0.374307 0.013485 0.025623
24 0.728192 0.372576 0.028656 0.022161
24 0.770544 0.172784 0.018121 0.021468
24 0.807206 0.152701 0.008007 0.020083
24 0.810999 0.187673 0.014749 0.040166
24 0.776233 0.280471 0.012642 0.038781
24 0.821955 0.281510 0.015592 0.027008
24 0.773493 0.381579 0.024863 0.019391
24 0.771597 0.401316 0.024442 0.018698
24 0.833755 0.168629 0.007164 0.020083
24 0.863885 0.168283 0.016856 0.020776
24 0.885588 0.149584 0.022335 0.018006
24 0.889802 0.128809 0.013906 0.023546
24 0.900337 0.083102 0.007164 0.022161
24 0.936157 0.038435 0.029077 0.021468
24 0.935525 0.127078 0.026970 0.020083
24 0.901812 0.171745 0.010114 0.022161
24 0.917615 0.169321 0.024020 0.018698
24 0.912347 0.189058 0.016856 0.019391
24 0.912558 0.208449 0.030763 0.020776
24 0.913190 0.229224 0.012642 0.020776
24 0.963127 0.344529 0.044248 0.216759
24 0.147914 0.503116 0.208175 0.092105
24 0.304256 0.354571 0.013485 0.036011
24 0.302571 0.391620 0.012642 0.038089
18 0.569532 0.228532 0.018121 0.012465
18 0.592710 0.227839 0.018121 0.012465
18 0.593552 0.209141 0.018121 0.012465
18 0.577960 0.256233 0.018121 0.012465
11 0.546776 0.228186 0.019806 0.011773
11 0.514749 0.380886 0.008007 0.026316
18 0.528445 0.383310 0.010114 0.028393
24 0.320902 0.330332 0.022335 0.033241
24 0.329330 0.342798 0.022335 0.029086
24 0.302992 0.427285 0.013485 0.033241
24 0.302149 0.463643 0.011799 0.039474
24 0.304467 0.512119 0.013064 0.046399
24 0.357143 0.324100 0.014749 0.020776
24 0.341972 0.364958 0.022335 0.019391
24 0.358618 0.377770 0.013485 0.036704
24 0.347240 0.417244 0.021913 0.020083
24 0.361357 0.428324 0.008007 0.020083
24 0.347661 0.436981 0.021070 0.020776
24 0.347240 0.456371 0.022756 0.019391
24 0.347872 0.475762 0.021492 0.022161
24 0.346186 0.500000 0.023177 0.019391
24 0.346608 0.525970 0.020649 0.021468
24 0.347240 0.556440 0.021913 0.021468
24 0.347661 0.576177 0.022756 0.022161
24 0.302781 0.600069 0.015592 0.024238
24 0.344501 0.600416 0.014749 0.018006
24 0.417193 0.361496 0.012642 0.038781
24 0.373367 0.448753 0.016013 0.019391
24 0.404762 0.450485 0.006321 0.022853
24 0.416561 0.457410 0.012221 0.036704
24 0.434050 0.450139 0.016856 0.020776
24 0.453224 0.458449 0.021492 0.022161
11 0.472819 0.425208 0.016856 0.012465
11 0.472398 0.444598 0.016856 0.012465
24 0.488411 0.433172 0.013485 0.036704
24 0.530763 0.424169 0.011378 0.036704
24 0.522335 0.452216 0.020649 0.020776
24 0.541298 0.448753 0.008850 0.020776
24 0.540666 0.466759 0.023599 0.020776
18 0.379267 0.582410 0.025284 0.020776
24 0.328909 0.606302 0.008850 0.018698
24 0.363675 0.621537 0.011799 0.036704
24 0.380531 0.606994 0.021913 0.021468
24 0.408133 0.488920 0.011378 0.036011
24 0.408555 0.535319 0.012221 0.036011
24 0.420565 0.497922 0.013485 0.037396
24 0.420143 0.536011 0.011799 0.036011
24 0.397387 0.581371 0.005057 0.025623
24 0.382849 0.673823 0.011378 0.034626
24 0.453434 0.584141 0.006743 0.020083
24 0.488201 0.518006 0.013906 0.041551
24 0.487147 0.563712 0.021913 0.020776
24 0.487147 0.584141 0.021913 0.021468
24 0.468816 0.597645 0.012221 0.033241
24 0.492625 0.616343 0.011799 0.037396
24 0.481458 0.619460 0.011378 0.039474
24 0.503582 0.557133 0.013485 0.036704
24 0.519174 0.545014 0.012642 0.037396
24 0.486936 0.654432 0.023177 0.018006
24 0.468394 0.684557 0.008850 0.020083
24 0.581332 0.459141 0.022335 0.020776
24 0.566372 0.501039 0.011799 0.029778
24 0.590603 0.404778 0.012221 0.050554
24 0.587231 0.436288 0.005478 0.020776
24 0.608512 0.400277 0.021913 0.018006
24 0.630426 0.401662 0.022756 0.022161
24 0.668774 0.425900 0.012642 0.034626
24 0.642014 0.489612 0.011378 0.038781
24 0.603245 0.563366 0.011378 0.038089
24 0.600716 0.590374 0.006321 0.020083
24 0.584703 0.670360 0.021492 0.020776
24 0.599663 0.654086 0.006743 0.018698
24 0.630426 0.623961 0.011799 0.027701
24 0.652550 0.609765 0.018121 0.025623
24 0.669827 0.525277 0.023177 0.033934
24 0.656553 0.472299 0.012642 0.009695
24 0.679098 0.443213 0.026549 0.040166
24 0.710072 0.401662 0.021070 0.033241
24 0.715971 0.428324 0.021913 0.033934
24 0.708175 0.444252 0.023177 0.038089
24 0.739359 0.430748 0.024863 0.033241
24 0.651917 0.641274 0.018542 0.027701
24 0.643700 0.667936 0.021492 0.032548
24 0.761694 0.433518 0.011378 0.020776
24 0.776654 0.426247 0.020228 0.035319
24 0.814791 0.445983 0.053519 0.096953
24 0.834387 0.395083 0.008428 0.020083
24 0.888327 0.393352 0.008428 0.020776
24 0.863253 0.459834 0.012221 0.037396
24 0.874631 0.467798 0.012221 0.036704
24 0.883481 0.426247 0.013064 0.042244
24 0.886852 0.473684 0.013064 0.038781
24 0.841551 0.495152 0.010114 0.015235
24 0.871049 0.536704 0.056469 0.084488
24 0.913401 0.425554 0.008007 0.021468
24 0.951749 0.503809 0.013906 0.039474
24 0.994732 0.503463 0.010535 0.034626
24 0.994732 0.537742 0.010535 0.021468
24 0.888538 0.609418 0.019806 0.029086
24 0.889802 0.640235 0.019806 0.028393
24 0.899705 0.693213 0.021070 0.031856
24 0.900337 0.721953 0.022335 0.022853
24 0.994522 0.727147 0.010957 0.029086
24 0.095238 0.797091 0.030341 0.048476
24 0.162453 0.721607 0.013064 0.026316
24 0.160346 0.787742 0.010535 0.046399
24 0.161399 0.819252 0.007585 0.022161
24 0.179520 0.692521 0.022756 0.019391
24 0.224399 0.688019 0.013064 0.025623
24 0.197851 0.743075 0.014749 0.020776
24 0.215339 0.766620 0.021913 0.019391
24 0.215550 0.783934 0.021492 0.019391
24 0.216182 0.801939 0.024442 0.019391
24 0.193005 0.818906 0.025284 0.021468
24 0.160346 0.855263 0.012221 0.042936
24 0.182259 0.854917 0.031606 0.022853
24 0.247998 0.801939 0.022335 0.022161
24 0.252845 0.865997 0.022756 0.020083
24 0.251370 0.888158 0.022335 0.020083
24 0.269912 0.879155 0.013064 0.039474
24 0.282343 0.878463 0.012642 0.051939
24 0.281500 0.783587 0.016856 0.022853
24 0.296671 0.780125 0.009271 0.018698
24 0.312263 0.784626 0.017699 0.018006
24 0.328487 0.779778 0.008850 0.018006
24 0.342604 0.784972 0.016856 0.021468
24 0.358196 0.777008 0.008428 0.022161
24 0.373578 0.782895 0.020649 0.021468
24 0.386641 0.780817 0.008007 0.020083
24 0.372946 0.807479 0.006743 0.023546
24 0.298567 0.888158 0.013064 0.043629
24 0.296671 0.691828 0.009271 0.020776
24 0.327855 0.692521 0.009271 0.020776
24 0.359039 0.693906 0.009271 0.020776
24 0.416983 0.717452 0.007164 0.020776
24 0.443110 0.717105 0.009692 0.020083
24 0.467762 0.715720 0.006743 0.021468
24 0.460809 0.845914 0.013906 0.038089
24 0.400759 0.862188 0.010114 0.016620
24 0.476823 0.823061 0.009692 0.021468
24 0.505689 0.865651 0.022756 0.019391
24 0.539612 0.864612 0.023177 0.021468
24 0.537505 0.783241 0.021492 0.023546
24 0.552044 0.690789 0.007585 0.022853
24 0.553729 0.751731 0.013485 0.039474
24 0.528445 0.817867 0.010957 0.020776
24 0.555626 0.827216 0.013906 0.036704
24 0.579857 0.790859 0.013485 0.037396
24 0.568268 0.828255 0.011378 0.034626
24 0.579857 0.828255 0.012642 0.037396
24 0.590603 0.697715 0.023177 0.018698
24 0.590603 0.716413 0.024863 0.018698
24 0.584071 0.738573 0.007585 0.022853
24 0.593342 0.813019 0.013485 0.037396
24 0.607670 0.812673 0.015171 0.032548
24 0.616098 0.842452 0.021070 0.020083
24 0.617151 0.861842 0.022335 0.018698
24 0.634218 0.886427 0.014328 0.020776
24 0.658239 0.851454 0.021070 0.032548
24 0.672145 0.858380 0.007585 0.022853
24 0.674673 0.818213 0.007585 0.022853
24 0.656342 0.690443 0.021492 0.036011
24 0.653182 0.741690 0.026127 0.034626
24 0.681837 0.714681 0.025284 0.038781
24 0.686684 0.763158 0.021492 0.034626
24 0.690898 0.795706 0.019806 0.034626
24 0.698272 0.812327 0.020228 0.034626
24 0.707543 0.825831 0.021913 0.032548
24 0.740624 0.833102 0.021492 0.031856
6 0.767594 0.620152 0.228824 0.380194
24 0.760219 0.818560 0.014328 0.024931
24 0.781500 0.817521 0.016435 0.025623
24 0.771386 0.839335 0.022335 0.019391
24 0.772019 0.860111 0.029499 0.020776
24 0.803624 0.847992 0.021070 0.032548
24 0.817952 0.864266 0.014328 0.019391
24 0.857775 0.763158 0.019806 0.033241
24 0.900759 0.720568 0.021492 0.021468
24 0.900759 0.744114 0.021492 0.022853
24 0.881374 0.779432 0.024020 0.021468
24 0.973873 0.752424 0.022756 0.017313
18 0.954067 0.754848 0.018542 0.012465
24 0.919300 0.778393 0.007164 0.020776
24 0.919090 0.807479 0.007585 0.020776
24 0.919722 0.835873 0.008850 0.019391
24 0.880742 0.808518 0.021070 0.020083
24 0.881795 0.834488 0.023177 0.019391
24 0.943742 0.770083 0.007164 0.022161
24 0.987990 0.760042 0.004635 0.018698
24 0.994943 0.777355 0.010114 0.036704
24 0.995154 0.817867 0.009692 0.036011
24 0.944374 0.845222 0.006743 0.018698
24 0.991572 0.847645 0.008428 0.018006
24 0.108512 0.913435 0.012221 0.040166
24 0.120733 0.914474 0.012221 0.042244
24 0.158239 0.909280 0.008007 0.019391
24 0.151285 0.983726 0.006743 0.017313
24 0.203329 0.983033 0.006321 0.018698
24 0.228192 0.905125 0.022335 0.019391
24 0.232828 0.942867 0.012221 0.038089
24 0.252212 0.908934 0.024020 0.022853
24 0.298357 0.933172 0.012642 0.039474
24 0.297935 0.974030 0.010957 0.028393
24 0.291614 0.839681 0.007585 0.020083
24 0.890223 0.859072 0.029920 0.020083
24 0.891277 0.879501 0.029499 0.018006
24 0.890645 0.898199 0.029920 0.022161
24 0.903708 0.932479 0.006321 0.020083
24 0.944796 0.864612 0.024442 0.020083
24 0.945217 0.884695 0.025284 0.020083
24 0.938685 0.975416 0.029077 0.020083
24 0.974716 0.932479 0.015171 0.045014
24 0.132533 0.078947 0.006321 0.020776
20 0.554362 0.257271 0.020649 0.014543
20 0.478719 0.398199 0.028656 0.029086
12 0.442689 0.192867 0.032448 0.058864
24 0.668352 0.235457 0.008428 0.019391
24 0.699115 0.191136 0.011799 0.013850
24 0.727139 0.280471 0.020649 0.038781
24 0.954277 0.631233 0.037505 0.132271
24 0.774758 0.627424 0.120101 0.181440
24 0.513064 0.611150 0.008007 0.028393
24 0.544037 0.497576 0.008428 0.031163
24 0.378635 0.581717 0.010535 0.013850
24 0.502528 0.796053 0.016435 0.011773
