18 0.326316 0.072333 0.023684 0.014000
17 0.385526 0.078333 0.032895 0.028667
12 0.493421 0.089000 0.097368 0.078000
19 0.353947 0.085667 0.023684 0.019333
6 0.364803 0.183667 0.100658 0.100667
11 0.301645 0.135333 0.011184 0.021333
11 0.330921 0.125667 0.021053 0.011333
11 0.422697 0.152667 0.011184 0.021333
11 0.308224 0.216333 0.009868 0.020667
11 0.319737 0.245667 0.010526 0.020667
11 0.331250 0.246000 0.011184 0.022667
11 0.342763 0.245667 0.011842 0.020667
11 0.360855 0.243667 0.023026 0.012667
11 0.390461 0.243667 0.021711 0.012667
11 0.482237 0.229667 0.011842 0.020667
11 0.356579 0.403667 0.010526 0.027333
11 0.386842 0.359000 0.009211 0.026000
11 0.402303 0.359667 0.012500 0.022000
18 0.295066 0.216000 0.012500 0.022667
20 0.468092 0.139333 0.023026 0.013333
18 0.429934 0.194667 0.021711 0.012000
20 0.468092 0.172000 0.021711 0.012000
18 0.566776 0.129667 0.013816 0.022000
18 0.579934 0.130000 0.012500 0.022667
18 0.593421 0.130000 0.014474 0.022667
18 0.607566 0.130333 0.013816 0.022000
18 0.620724 0.130000 0.012500 0.021333
18 0.670724 0.102667 0.012500 0.021333
17 0.602632 0.079333 0.031579 0.028000
6 0.453289 0.225000 0.040789 0.032667
16 0.468750 0.155333 0.024342 0.016000
19 0.608882 0.107333 0.009868 0.020000
18 0.505592 0.289333 0.012500 0.022667
12 0.139145 0.491000 0.165132 0.180667
11 0.391118 0.462000 0.021711 0.013333
18 0.237171 0.421667 0.026974 0.010000
18 0.237500 0.435667 0.027632 0.008667
18 0.237829 0.449667 0.025658 0.010000
18 0.237500 0.463667 0.027632 0.010000
18 0.238158 0.478000 0.026316 0.009333
18 0.237171 0.491667 0.026974 0.010000
18 0.237829 0.506333 0.026974 0.008667
18 0.237500 0.519333 0.025000 0.009333
6 0.494737 0.359000 0.165789 0.110000
6 0.494737 0.542000 0.173684 0.174667
11 0.587829 0.423667 0.008553 0.024667
11 0.626645 0.446333 0.026974 0.008667
11 0.666118 0.437000 0.026974 0.008667
11 0.597368 0.460667 0.021053 0.013333
11 0.597697 0.474333 0.021711 0.012667
6 0.685197 0.516667 0.078289 0.093333
11 0.651645 0.571333 0.021711 0.013333
11 0.716776 0.575000 0.026974 0.008667
11 0.598355 0.620333 0.021711 0.012667
11 0.597368 0.634000 0.027632 0.009333
11 0.391447 0.620667 0.022368 0.012000
11 0.391118 0.635333 0.026974 0.009333
6 0.281579 0.589333 0.093421 0.080000
11 0.336513 0.598000 0.009868 0.024000
11 0.318750 0.638000 0.021711 0.013333
11 0.368750 0.672667 0.026974 0.010667
11 0.176974 0.712667 0.017105 0.029333
11 0.156250 0.712000 0.015132 0.029333
11 0.135197 0.713333 0.017763 0.029333
20 0.106908 0.660667 0.012500 0.022667
11 0.137500 0.675667 0.017105 0.030000
18 0.204934 0.654667 0.023026 0.012000
18 0.093750 0.661000 0.009868 0.023333
18 0.079605 0.674000 0.010526 0.025333
18 0.079605 0.704667 0.009211 0.024000
6 0.107237 0.701000 0.038158 0.038000
16 0.122039 0.771000 0.074342 0.079333
19 0.205592 0.628000 0.026974 0.026667
3 0.178618 0.625333 0.019079 0.036000
12 0.496382 0.857667 0.467763 0.164667
16 0.680592 0.212667 0.099342 0.092000
16 0.863158 0.211333 0.100000 0.092000
16 0.843750 0.346667 0.067763 0.072000
6 0.700658 0.097333 0.040789 0.036000
11 0.688158 0.128000 0.022368 0.012000
11 0.796053 0.100333 0.011842 0.020667
20 0.749671 0.189333 0.029605 0.017333
20 0.787171 0.188667 0.030921 0.017333
11 0.787829 0.212000 0.030921 0.017333
11 0.788158 0.236667 0.030263 0.018667
11 0.749342 0.211667 0.030263 0.018000
11 0.750329 0.236667 0.030921 0.017333
11 0.720066 0.267333 0.021711 0.012000
11 0.810526 0.261333 0.011842 0.022667
11 0.737500 0.293667 0.010526 0.027333
11 0.797039 0.323667 0.023026 0.012667
11 0.729276 0.352000 0.017763 0.030667
11 0.750000 0.351667 0.018421 0.030000
11 0.769408 0.351667 0.019079 0.031333
11 0.790461 0.351667 0.017763 0.031333
18 0.710855 0.128000 0.023026 0.013333
18 0.738816 0.107000 0.023684 0.052667
6 0.770066 0.106000 0.030921 0.025333
18 0.742105 0.267667 0.022368 0.012667
18 0.792763 0.266000 0.022368 0.012000
18 0.793421 0.311333 0.022368 0.012000
12 0.851645 0.491333 0.165132 0.176000
18 0.751645 0.444667 0.025658 0.009333
18 0.751645 0.459000 0.025658 0.008667
18 0.751645 0.472667 0.026974 0.009333
18 0.751645 0.487000 0.026974 0.008667
18 0.751645 0.500667 0.026974 0.009333
18 0.751645 0.514333 0.025658 0.008667
18 0.751645 0.528333 0.026974 0.010000
18 0.751645 0.542000 0.026974 0.009333
11 0.833224 0.597000 0.028289 0.010000
19 0.848355 0.645333 0.092763 0.078667
6 0.846053 0.749333 0.040789 0.036000
18 0.879934 0.734333 0.021711 0.012667
18 0.875987 0.755333 0.012500 0.021333
18 0.817105 0.767000 0.011842 0.022000
18 0.736842 0.644333 0.011842 0.022000
18 0.788487 0.665667 0.021711 0.012667
18 0.787171 0.638000 0.012500 0.021333
3 0.761842 0.615000 0.036842 0.016667
19 0.761842 0.640667 0.031579 0.026667
11 0.764145 0.666333 0.021711 0.012667
11 0.849013 0.719667 0.026974 0.008667
11 0.803289 0.741667 0.011842 0.026000
11 0.816776 0.741667 0.011184 0.022000
11 0.853289 0.776333 0.021053 0.011333
18 0.232566 0.736000 0.023026 0.012000
18 0.232566 0.763667 0.023026 0.012667
18 0.255263 0.735667 0.022368 0.012667
18 0.277961 0.735667 0.023026 0.012667
18 0.300658 0.735667 0.022368 0.012667
18 0.323684 0.735667 0.022368 0.012667
18 0.346711 0.735667 0.022368 0.012667
18 0.369737 0.735000 0.022368 0.012667
18 0.255263 0.763333 0.022368 0.013333
18 0.278289 0.763333 0.023684 0.013333
18 0.300658 0.763000 0.023684 0.012667
18 0.323684 0.763333 0.022368 0.013333
18 0.346711 0.763000 0.022368 0.012667
18 0.369737 0.763000 0.022368 0.012667
18 0.392763 0.762667 0.022368 0.013333
18 0.415132 0.762667 0.022368 0.013333
18 0.392763 0.735000 0.022368 0.014000
18 0.415461 0.735000 0.023026 0.014000
18 0.437829 0.735000 0.023026 0.012667
18 0.438158 0.762000 0.023684 0.013333
18 0.460855 0.735000 0.023026 0.012667
18 0.461184 0.762000 0.022368 0.013333
11 0.232237 0.750000 0.022368 0.013333
11 0.254934 0.749333 0.023026 0.013333
11 0.277961 0.749333 0.023026 0.013333
11 0.300658 0.749333 0.022368 0.012000
11 0.324013 0.749000 0.023026 0.012667
11 0.346711 0.749333 0.022368 0.013333
11 0.369408 0.749000 0.023026 0.012667
11 0.392434 0.749000 0.023026 0.012667
11 0.415461 0.748667 0.023026 0.013333
11 0.438158 0.748667 0.023684 0.013333
11 0.461184 0.748667 0.022368 0.013333
11 0.484211 0.748333 0.022368 0.014000
11 0.506908 0.748333 0.023026 0.014000
11 0.529934 0.748333 0.023026 0.014000
11 0.552632 0.748000 0.022368 0.013333
11 0.575329 0.748000 0.023026 0.013333
11 0.598355 0.748000 0.023026 0.013333
11 0.621053 0.748000 0.022368 0.013333
11 0.643750 0.748333 0.023026 0.012667
11 0.666776 0.747667 0.023026 0.012667
11 0.689474 0.747333 0.022368 0.013333
11 0.712500 0.747000 0.022368 0.012667
11 0.735197 0.747000 0.023026 0.012667
11 0.757566 0.747333 0.023026 0.012000
18 0.529934 0.734333 0.023026 0.012667
18 0.552303 0.734333 0.023026 0.012667
18 0.575329 0.734000 0.023026 0.013333
18 0.598355 0.734000 0.023026 0.013333
18 0.621053 0.734000 0.022368 0.013333
18 0.644079 0.734000 0.022368 0.013333
18 0.666776 0.734000 0.023026 0.013333
18 0.689474 0.733667 0.022368 0.012667
18 0.712500 0.733667 0.022368 0.012667
18 0.734868 0.733333 0.022368 0.013333
18 0.757237 0.733333 0.022368 0.013333
18 0.529605 0.761667 0.023684 0.012667
18 0.552303 0.762000 0.023026 0.013333
18 0.575329 0.761333 0.023026 0.013333
18 0.598355 0.761667 0.023026 0.012667
18 0.621053 0.761667 0.022368 0.012667
18 0.643750 0.761333 0.023026 0.013333
18 0.666776 0.761000 0.023026 0.014000
18 0.689803 0.761333 0.023026 0.013333
18 0.712171 0.760667 0.023026 0.013333
18 0.735197 0.761333 0.023026 0.013333
18 0.757566 0.760333 0.021711 0.014000
18 0.483882 0.762333 0.023026 0.012667
18 0.506579 0.762000 0.022368 0.012000
18 0.483882 0.734333 0.023026 0.012667
18 0.506908 0.734667 0.023026 0.013333
24 0.173355 0.210333 0.191447 0.055333
24 0.295395 0.071667 0.036842 0.015333
24 0.284211 0.130000 0.017105 0.040000
24 0.353289 0.104667 0.018421 0.013333
24 0.411184 0.078667 0.014474 0.032000
24 0.358882 0.123000 0.032237 0.014000
6 0.398026 0.125333 0.031579 0.013333
24 0.436513 0.152667 0.015132 0.038667
24 0.275658 0.247000 0.014474 0.039333
24 0.294079 0.186000 0.015789 0.036000
24 0.307895 0.186667 0.013158 0.033333
24 0.289803 0.246667 0.013816 0.038667
24 0.303618 0.245667 0.013816 0.038000
24 0.368421 0.257667 0.035526 0.015333
24 0.405592 0.258000 0.036184 0.016000
24 0.434211 0.180667 0.035526 0.013333
6 0.465132 0.192667 0.035526 0.013333
24 0.499342 0.139000 0.035526 0.014000
24 0.494737 0.156000 0.018421 0.014667
24 0.497697 0.176000 0.034868 0.014667
24 0.496053 0.227333 0.013158 0.038667
24 0.539803 0.138000 0.019079 0.014667
24 0.577632 0.080333 0.013158 0.027333
24 0.589145 0.109667 0.019079 0.014000
24 0.566776 0.164333 0.015132 0.035333
24 0.580592 0.162000 0.013816 0.037333
24 0.593421 0.162333 0.011842 0.036667
24 0.606250 0.162667 0.012500 0.036000
24 0.619079 0.162667 0.013158 0.037333
24 0.655592 0.128000 0.036184 0.016000
24 0.656579 0.097667 0.014474 0.038000
6 0.697368 0.072333 0.036842 0.012667
24 0.738487 0.072667 0.037500 0.014667
24 0.642105 0.266667 0.022368 0.013333
24 0.687171 0.268000 0.036184 0.014667
24 0.703947 0.142333 0.036842 0.014000
6 0.768421 0.086667 0.034211 0.013333
24 0.803947 0.081667 0.034211 0.014000
24 0.746711 0.144667 0.038158 0.014667
24 0.746382 0.159000 0.037500 0.012667
24 0.747368 0.172333 0.038158 0.014000
24 0.787829 0.144667 0.037500 0.013333
24 0.787171 0.159000 0.036184 0.012667
24 0.788158 0.172333 0.036842 0.012667
24 0.249342 0.339000 0.203947 0.040667
24 0.219408 0.398000 0.008553 0.016000
24 0.344079 0.403000 0.015789 0.031333
24 0.387500 0.326667 0.015789 0.038667
24 0.402632 0.328667 0.015789 0.038667
24 0.524013 0.283333 0.016447 0.038667
6 0.563487 0.294333 0.028289 0.015333
24 0.666118 0.350000 0.015132 0.040000
24 0.679605 0.350667 0.013158 0.040000
24 0.693750 0.350667 0.013816 0.038667
24 0.707237 0.350333 0.013158 0.039333
24 0.725987 0.292667 0.013816 0.037333
24 0.760526 0.282000 0.035526 0.014667
24 0.762500 0.310000 0.036842 0.014667
24 0.765789 0.326000 0.036842 0.014667
24 0.745066 0.376667 0.034868 0.013333
24 0.746711 0.391000 0.039474 0.014000
24 0.743092 0.404667 0.030921 0.013333
24 0.743421 0.418667 0.030263 0.013333
24 0.798355 0.281000 0.036184 0.014000
24 0.818092 0.300000 0.020395 0.013333
24 0.824013 0.275333 0.012500 0.033333
24 0.881579 0.265667 0.022368 0.015333
24 0.816118 0.393333 0.020395 0.014667
24 0.267434 0.422000 0.028289 0.014667
24 0.268421 0.436000 0.028947 0.012000
24 0.268421 0.450000 0.028947 0.013333
24 0.268750 0.464000 0.030921 0.014667
24 0.268750 0.477333 0.029605 0.013333
24 0.268421 0.491333 0.028947 0.013333
24 0.269079 0.505333 0.028947 0.013333
24 0.268092 0.520000 0.028289 0.013333
24 0.387829 0.477000 0.036184 0.015333
24 0.349671 0.599667 0.013816 0.031333
24 0.386184 0.607000 0.038158 0.014000
24 0.601974 0.426000 0.014474 0.030667
24 0.627961 0.432333 0.037500 0.015333
24 0.667105 0.424000 0.030263 0.013333
24 0.602303 0.490000 0.037500 0.014667
24 0.600329 0.504667 0.033553 0.013333
6 0.682895 0.459333 0.028947 0.016000
24 0.678947 0.571667 0.030263 0.012667
24 0.743421 0.432667 0.028947 0.016000
24 0.746711 0.556333 0.028947 0.014000
24 0.747368 0.569667 0.030263 0.012667
24 0.748026 0.584333 0.030263 0.015333
24 0.717105 0.587333 0.027632 0.013333
24 0.740789 0.600333 0.030263 0.015333
24 0.769737 0.587000 0.006579 0.014000
24 0.787829 0.606667 0.015132 0.036000
24 0.868421 0.598667 0.038158 0.014667
24 0.079934 0.641000 0.013816 0.038000
24 0.119408 0.640333 0.013816 0.039333
24 0.133224 0.638667 0.013816 0.040000
24 0.147697 0.640000 0.013816 0.038667
24 0.161513 0.626000 0.012500 0.029333
24 0.204934 0.592333 0.019079 0.015333
24 0.205263 0.607000 0.018421 0.014000
24 0.154934 0.675667 0.013816 0.036667
24 0.172039 0.676000 0.015132 0.038667
24 0.187171 0.677000 0.015132 0.040667
24 0.234539 0.656000 0.036184 0.017333
6 0.250987 0.639333 0.028289 0.016000
24 0.222368 0.694000 0.026316 0.014667
24 0.218421 0.707667 0.019737 0.014000
24 0.223026 0.721333 0.027632 0.013333
24 0.319737 0.651667 0.030263 0.014000
24 0.389803 0.648000 0.038816 0.013333
24 0.248355 0.694000 0.023026 0.014667
24 0.246053 0.708333 0.019737 0.012667
24 0.246711 0.721333 0.021053 0.012000
24 0.274013 0.693333 0.028289 0.014667
24 0.272039 0.708333 0.024342 0.014000
24 0.273684 0.721667 0.027632 0.012667
24 0.300987 0.693667 0.025658 0.014000
24 0.298355 0.707667 0.020395 0.014000
24 0.302303 0.721333 0.028289 0.012000
24 0.395395 0.673667 0.025000 0.014000
24 0.330921 0.693667 0.030263 0.014000
24 0.330263 0.707667 0.028947 0.014000
24 0.331579 0.721000 0.030263 0.012667
24 0.360855 0.693333 0.028289 0.014667
24 0.360197 0.707667 0.028289 0.012667
24 0.360197 0.721000 0.028289 0.012667
24 0.390132 0.693333 0.030263 0.014667
24 0.389803 0.707000 0.029605 0.014000
24 0.390789 0.721333 0.030263 0.012000
24 0.420395 0.693333 0.028947 0.013333
24 0.419737 0.707000 0.027632 0.012667
24 0.420724 0.721333 0.028289 0.012000
24 0.450000 0.693333 0.028947 0.013333
24 0.449671 0.706667 0.028289 0.013333
24 0.450658 0.721333 0.028947 0.013333
6 0.561513 0.637667 0.028289 0.015333
24 0.600329 0.648000 0.037500 0.013333
24 0.600000 0.661667 0.036842 0.014000
24 0.478947 0.693333 0.030263 0.013333
24 0.480263 0.707333 0.028947 0.013333
24 0.479605 0.720000 0.030263 0.013333
24 0.503947 0.692667 0.019737 0.013333
24 0.504605 0.706333 0.019737 0.014000
24 0.504934 0.720333 0.019079 0.015333
24 0.525658 0.692333 0.021053 0.014000
24 0.525658 0.706000 0.019737 0.013333
24 0.525658 0.720333 0.019737 0.014000
24 0.550000 0.692000 0.027632 0.014667
24 0.546382 0.707000 0.020395 0.015333
24 0.577632 0.693000 0.027632 0.014000
24 0.573684 0.706333 0.019737 0.012667
24 0.576974 0.720000 0.027632 0.013333
24 0.605592 0.692000 0.028289 0.013333
24 0.604934 0.706667 0.026974 0.013333
24 0.605263 0.719667 0.027632 0.012667
24 0.635197 0.692333 0.029605 0.015333
24 0.634211 0.706333 0.027632 0.014000
24 0.634539 0.719333 0.029605 0.013333
24 0.664803 0.692000 0.029605 0.013333
24 0.663487 0.705667 0.026974 0.014000
24 0.663816 0.719667 0.026316 0.014000
24 0.694079 0.692000 0.030263 0.013333
24 0.693092 0.706333 0.028289 0.014000
24 0.694408 0.719667 0.030921 0.012667
24 0.721711 0.691667 0.026316 0.014000
24 0.723684 0.705667 0.026316 0.014000
24 0.723684 0.719333 0.027632 0.012000
24 0.729934 0.621667 0.020395 0.015333
24 0.722697 0.646667 0.015132 0.038667
24 0.731579 0.673333 0.038158 0.016000
24 0.782566 0.679333 0.036184 0.013333
24 0.750329 0.691667 0.029605 0.014000
24 0.751645 0.705000 0.029605 0.012667
24 0.751645 0.718667 0.028289 0.012000
24 0.781250 0.692000 0.028289 0.013333
24 0.780921 0.705333 0.030263 0.012000
24 0.780592 0.718667 0.028289 0.013333
24 0.810526 0.691000 0.028947 0.012667
24 0.810855 0.705333 0.028289 0.013333
24 0.808553 0.719000 0.025000 0.014000
24 0.851974 0.706333 0.036842 0.015333
24 0.877961 0.683667 0.019079 0.016667
24 0.886842 0.720667 0.035526 0.016000
24 0.078289 0.737000 0.014474 0.036667
24 0.099342 0.819333 0.021053 0.014667
6 0.179934 0.784333 0.036184 0.015333
24 0.181579 0.738000 0.022368 0.014667
24 0.182237 0.751667 0.021053 0.012667
24 0.183882 0.766333 0.021711 0.014000
24 0.204934 0.737667 0.020395 0.014000
24 0.203618 0.752333 0.016447 0.014000
24 0.203947 0.766333 0.017105 0.014000
24 0.251645 0.787333 0.017763 0.016000
24 0.776645 0.748667 0.013816 0.040000
24 0.789803 0.749000 0.013816 0.039333
24 0.803289 0.777000 0.015789 0.035333
6 0.833882 0.787000 0.015132 0.038000
24 0.891447 0.761333 0.014474 0.037333
24 0.883882 0.786667 0.037500 0.014667
