24 0.136430 0.124003 0.026265 0.021941
21 0.185676 0.126164 0.059582 0.029588
24 0.273468 0.121676 0.023589 0.021277
24 0.274441 0.175864 0.078064 0.041223
24 0.287330 0.221908 0.108706 0.024269
24 0.418774 0.123504 0.024319 0.021609
24 0.564932 0.123670 0.023833 0.023271
24 0.550948 0.147773 0.266294 0.026928
24 0.519334 0.172872 0.201605 0.020612
24 0.574781 0.188331 0.310554 0.018949
24 0.710968 0.123670 0.023103 0.021941
24 0.812257 0.230552 0.016537 0.012301
24 0.797787 0.250000 0.045477 0.013963
24 0.812865 0.269614 0.016780 0.011303
24 0.798395 0.289395 0.045720 0.012301
24 0.813108 0.309176 0.016780 0.011303
24 0.813108 0.349734 0.016780 0.011303
24 0.798881 0.329289 0.045720 0.012301
24 0.799125 0.368850 0.045720 0.012301
24 0.727748 0.346077 0.016780 0.011303
24 0.739421 0.286237 0.041586 0.014628
24 0.741367 0.306682 0.045963 0.012301
24 0.742096 0.326629 0.046449 0.014295
24 0.702578 0.366523 0.061284 0.013630
24 0.731396 0.380984 0.016780 0.011303
24 0.731639 0.401762 0.017267 0.012301
24 0.651994 0.380818 0.061284 0.013630
24 0.652845 0.401263 0.058123 0.012633
24 0.698808 0.416390 0.051313 0.012301
24 0.597033 0.281250 0.046206 0.013963
24 0.598127 0.301529 0.049368 0.013298
24 0.596790 0.321476 0.046693 0.011303
24 0.581834 0.341257 0.016780 0.012301
24 0.541464 0.326629 0.016780 0.012301
24 0.541829 0.306516 0.017023 0.011968
24 0.541342 0.285904 0.017023 0.013298
24 0.431785 0.350898 0.016780 0.012301
24 0.446741 0.290891 0.047179 0.011968
24 0.448687 0.306682 0.050584 0.011636
24 0.446863 0.321144 0.046936 0.011968
24 0.368312 0.363863 0.016780 0.012301
24 0.352626 0.304521 0.046693 0.013298
24 0.351532 0.324634 0.050827 0.012301
24 0.353356 0.343750 0.047179 0.013298
24 0.263619 0.296543 0.047665 0.013298
24 0.265199 0.315991 0.050827 0.013630
24 0.263497 0.336436 0.047909 0.012633
24 0.248906 0.356217 0.016780 0.012301
24 0.128526 0.339262 0.039640 0.040226
24 0.163546 0.377992 0.009971 0.012633
24 0.241124 0.397939 0.009971 0.012633
24 0.160141 0.469415 0.009971 0.012633
24 0.160019 0.453291 0.009728 0.008311
24 0.240880 0.518949 0.009971 0.012633
24 0.240759 0.437999 0.009728 0.008311
24 0.240759 0.477892 0.009728 0.008311
24 0.160019 0.549701 0.009728 0.008311
24 0.138619 0.578956 0.062743 0.036237
24 0.302408 0.494515 0.016780 0.012301
24 0.302408 0.514794 0.018726 0.011636
24 0.304353 0.535406 0.011916 0.012301
24 0.343993 0.491689 0.015321 0.020612
24 0.343385 0.512467 0.014591 0.020279
24 0.326605 0.440160 0.041829 0.013963
24 0.327091 0.454455 0.041829 0.013963
24 0.366488 0.391456 0.008755 0.032247
24 0.381323 0.391955 0.008755 0.032580
24 0.400049 0.391789 0.009728 0.032912
24 0.414154 0.394781 0.008268 0.022939
17 0.397860 0.463930 0.053502 0.012965
17 0.398346 0.484541 0.053502 0.012965
17 0.398346 0.504488 0.053502 0.012965
17 0.398833 0.525100 0.053502 0.012965
24 0.449052 0.433344 0.039154 0.052859
24 0.459509 0.418384 0.039154 0.054189
24 0.508876 0.436170 0.018239 0.011968
24 0.516415 0.451130 0.017267 0.012633
24 0.517631 0.466423 0.041586 0.011968
24 0.513132 0.481217 0.046693 0.010971
24 0.645671 0.452128 0.107977 0.021277
24 0.645671 0.507979 0.039397 0.018617
24 0.687622 0.612533 0.008512 0.025598
24 0.672909 0.617354 0.008268 0.035239
24 0.658804 0.618517 0.010214 0.034907
24 0.643847 0.618019 0.009484 0.035904
24 0.629377 0.618185 0.009241 0.036902
24 0.598127 0.660073 0.009971 0.034242
24 0.583293 0.659574 0.008998 0.035239
24 0.568580 0.659907 0.010214 0.035904
24 0.491002 0.636802 0.016051 0.011636
24 0.478842 0.683511 0.008268 0.023936
24 0.482490 0.581616 0.035992 0.049535
24 0.463400 0.581948 0.034290 0.050864
24 0.455618 0.566157 0.006566 0.021941
24 0.443945 0.548039 0.019212 0.013630
24 0.429839 0.565326 0.006566 0.013630
24 0.432758 0.595246 0.008025 0.022939
24 0.421571 0.595412 0.008512 0.023271
24 0.464494 0.685672 0.008755 0.028258
24 0.449903 0.685505 0.007782 0.027926
24 0.435311 0.685838 0.007296 0.027261
24 0.420355 0.686004 0.008025 0.027593
24 0.324416 0.630818 0.180447 0.147274
24 0.217169 0.660572 0.032588 0.128989
24 0.166829 0.666556 0.005837 0.010638
24 0.166342 0.722074 0.003891 0.009309
24 0.166586 0.693816 0.008268 0.035904
24 0.136187 0.803856 0.006323 0.011303
24 0.156736 0.804189 0.025535 0.011968
24 0.176435 0.804189 0.007539 0.005984
24 0.206226 0.804023 0.007296 0.006981
24 0.321863 0.798371 0.007053 0.006981
24 0.374027 0.798205 0.005350 0.007314
24 0.394090 0.798039 0.005593 0.004987
24 0.467534 0.797706 0.006080 0.004987
24 0.579159 0.796709 0.005593 0.004987
24 0.816148 0.803191 0.005837 0.006649
24 0.817972 0.845578 0.006566 0.004987
24 0.778332 0.845911 0.005593 0.004322
24 0.731031 0.846410 0.005350 0.003989
24 0.683123 0.846908 0.006809 0.004987
24 0.639348 0.846410 0.006323 0.004654
24 0.807636 0.846077 0.005350 0.007314
24 0.763619 0.846077 0.005350 0.006649
24 0.716318 0.846243 0.005593 0.006981
24 0.672544 0.846742 0.005107 0.006649
24 0.625122 0.846742 0.005593 0.007979
24 0.533317 0.797540 0.005837 0.009309
24 0.503405 0.797706 0.005837 0.008976
24 0.440175 0.797706 0.006323 0.007646
24 0.338643 0.797872 0.005593 0.008644
24 0.286843 0.798371 0.005593 0.007646
24 0.231274 0.803358 0.005837 0.008311
24 0.219115 0.804023 0.010700 0.013630
24 0.304718 0.798039 0.020428 0.012301
24 0.281007 0.730053 0.090710 0.020612
24 0.285992 0.748836 0.100681 0.014295
24 0.276508 0.763630 0.017510 0.012633
24 0.298638 0.778424 0.061284 0.012301
24 0.355910 0.798703 0.019698 0.014960
24 0.416829 0.798371 0.020428 0.012965
24 0.485773 0.797374 0.010457 0.012301
24 0.556177 0.797374 0.020428 0.012965
24 0.502554 0.716257 0.095088 0.021609
24 0.506445 0.733211 0.100438 0.014960
24 0.483098 0.748338 0.051800 0.013298
24 0.542558 0.747008 0.016537 0.013298
24 0.633512 0.762134 0.015564 0.014295
24 0.633512 0.781416 0.016537 0.011636
24 0.634241 0.801862 0.016051 0.012633
24 0.648589 0.836436 0.020428 0.029255
24 0.688351 0.840924 0.021644 0.029588
24 0.740151 0.839428 0.020671 0.026596
24 0.791221 0.840259 0.020185 0.028923
24 0.823444 0.840426 0.021401 0.028590
24 0.816634 0.823305 0.005350 0.006316
24 0.815783 0.769282 0.021158 0.029255
17 0.651751 0.733876 0.034533 0.052859
17 0.681420 0.745844 0.018482 0.025598
24 0.674368 0.805020 0.014591 0.020944
24 0.696376 0.808511 0.026021 0.041223
24 0.712305 0.799202 0.009728 0.073138
24 0.719358 0.815824 0.004864 0.021941
24 0.727018 0.802693 0.012403 0.008311
24 0.744285 0.818152 0.008025 0.007979
24 0.762403 0.830618 0.012646 0.008976
24 0.770671 0.818152 0.005350 0.021277
24 0.727991 0.769781 0.014348 0.021609
24 0.777845 0.822307 0.008512 0.036902
24 0.750730 0.759973 0.024319 0.035239
24 0.764591 0.760638 0.028210 0.038564
24 0.779791 0.760306 0.027481 0.039894
12 0.184703 0.093251 0.080496 0.039561
21 0.321620 0.123836 0.057636 0.030253
12 0.321498 0.092753 0.080253 0.043218
21 0.466075 0.125166 0.057636 0.029588
12 0.465832 0.094747 0.078551 0.041888
12 0.613692 0.096742 0.080010 0.039229
12 0.760092 0.096742 0.076605 0.039894
21 0.612840 0.127161 0.058852 0.029588
21 0.760579 0.131649 0.057150 0.031250
21 0.831834 0.299368 0.018726 0.157247
12 0.709022 0.314328 0.015321 0.082114
21 0.701970 0.391124 0.040613 0.037566
12 0.564810 0.311004 0.016294 0.082779
12 0.413789 0.319481 0.015321 0.083777
12 0.387889 0.333444 0.015564 0.081117
12 0.232004 0.325465 0.016051 0.083112
12 0.165856 0.418052 0.029669 0.055519
12 0.165370 0.509807 0.025778 0.053524
21 0.206955 0.458444 0.042802 0.154920
12 0.322106 0.516456 0.020671 0.059508
12 0.390443 0.421376 0.059582 0.022939
12 0.432271 0.495180 0.013862 0.081449
21 0.486260 0.461104 0.044504 0.062500
21 0.818337 0.540559 0.014105 0.043883
21 0.796814 0.662234 0.023103 0.032580
21 0.775170 0.709441 0.024562 0.040559
21 0.746231 0.585273 0.026508 0.096742
21 0.657588 0.587600 0.072957 0.021609
21 0.583779 0.693152 0.043531 0.023936
21 0.448930 0.657580 0.073444 0.023271
21 0.441148 0.626330 0.058366 0.039229
20 0.443215 0.566157 0.018239 0.017952
21 0.121231 0.691157 0.027481 0.051197
12 0.144698 0.692819 0.020914 0.037899
21 0.155156 0.768118 0.043774 0.032247
21 0.251338 0.773604 0.031858 0.033910
21 0.153940 0.849402 0.046206 0.064495
21 0.219966 0.863531 0.038181 0.038896
21 0.305934 0.863863 0.034533 0.040891
12 0.304475 0.831283 0.026751 0.027593
12 0.356031 0.832114 0.027237 0.029255
21 0.357855 0.863697 0.035263 0.037234
21 0.416950 0.848903 0.045963 0.064162
21 0.428624 0.767786 0.043045 0.031582
21 0.485409 0.855718 0.044747 0.053191
21 0.554353 0.848737 0.044504 0.065824
12 0.521401 0.768783 0.024805 0.050864
21 0.577091 0.766622 0.043774 0.029255
12 0.618555 0.782247 0.013862 0.060505
21 0.732247 0.860539 0.224222 0.022274
21 0.829037 0.806184 0.015078 0.061170
21 0.768604 0.789727 0.086333 0.019614
20 0.759363 0.816489 0.018239 0.017952
20 0.731153 0.817653 0.018726 0.018285
12 0.679475 0.827294 0.043288 0.020279
12 0.678137 0.776762 0.026994 0.038896
12 0.679596 0.728225 0.042558 0.020944
20 0.718507 0.777926 0.008025 0.013298
20 0.640807 0.777926 0.007782 0.013298
21 0.524927 0.307680 0.015807 0.062832
21 0.818093 0.206117 0.029669 0.021277
21 0.357490 0.471410 0.013619 0.081117
21 0.819309 0.624003 0.014105 0.043883
21 0.796328 0.756981 0.023103 0.032580
