24 0.098857 0.190326 0.009484 0.082114
24 0.099222 0.236037 0.011187 0.009309
24 0.128040 0.201463 0.014348 0.009309
24 0.143361 0.217586 0.012403 0.015625
24 0.137281 0.154422 0.010944 0.011636
24 0.175340 0.192653 0.015564 0.032247
24 0.212184 0.150432 0.010457 0.011636
24 0.214981 0.197806 0.013132 0.008644
24 0.223127 0.160572 0.008998 0.009309
24 0.250608 0.215592 0.037695 0.019614
24 0.258147 0.239528 0.055204 0.012965
24 0.283439 0.152926 0.011430 0.011303
24 0.283196 0.196144 0.013862 0.008644
24 0.292315 0.215592 0.011673 0.016955
24 0.319674 0.187832 0.016294 0.031915
24 0.355180 0.151430 0.010944 0.012301
24 0.371717 0.159408 0.013375 0.008976
24 0.428867 0.149601 0.011430 0.011968
24 0.392023 0.219249 0.056420 0.049535
24 0.428867 0.193983 0.013375 0.007646
24 0.435190 0.211436 0.012403 0.016622
24 0.467291 0.180186 0.016294 0.033245
24 0.502310 0.147773 0.011916 0.010971
24 0.503283 0.194481 0.013862 0.007979
24 0.532344 0.085106 0.017996 0.010638
24 0.566877 0.194481 0.013619 0.009309
24 0.572471 0.143285 0.011187 0.011303
24 0.575632 0.210938 0.012160 0.017620
24 0.608341 0.181682 0.014835 0.031582
24 0.644820 0.143783 0.010944 0.011636
24 0.646644 0.193484 0.014105 0.008644
24 0.655156 0.260472 0.008755 0.010306
24 0.707806 0.142786 0.009484 0.009641
24 0.710117 0.190824 0.014105 0.007979
24 0.716075 0.211270 0.012403 0.016955
24 0.743312 0.178025 0.015807 0.032247
24 0.772495 0.189993 0.008998 0.008976
24 0.777724 0.142453 0.009241 0.008976
24 0.810190 0.140126 0.010944 0.079455
24 0.799732 0.278424 0.028940 0.169215
24 0.734922 0.306184 0.014105 0.009309
24 0.735044 0.323637 0.013375 0.008311
24 0.735044 0.338265 0.013375 0.009641
24 0.690418 0.286403 0.006809 0.023604
24 0.703794 0.292553 0.015564 0.021277
24 0.709752 0.373836 0.014348 0.016955
24 0.709874 0.358378 0.015078 0.019947
24 0.708658 0.343085 0.017510 0.024601
24 0.695647 0.386802 0.011916 0.016955
24 0.770185 0.387134 0.005837 0.010971
24 0.658317 0.279422 0.013619 0.009641
24 0.612476 0.307015 0.013375 0.008976
24 0.612719 0.319481 0.013375 0.009309
24 0.613205 0.334275 0.013862 0.009641
24 0.612962 0.346410 0.013375 0.009309
24 0.613570 0.361702 0.014105 0.009309
24 0.660263 0.391955 0.010700 0.009309
24 0.598979 0.358876 0.009241 0.008976
24 0.582806 0.357713 0.013862 0.008644
24 0.560554 0.307347 0.014105 0.008976
24 0.560433 0.319980 0.014348 0.008311
24 0.560676 0.332114 0.013862 0.009309
24 0.543896 0.295711 0.007539 0.023604
24 0.532101 0.308511 0.014591 0.020612
24 0.505593 0.296709 0.015078 0.021609
24 0.532223 0.328790 0.015807 0.024601
24 0.504985 0.316489 0.016780 0.023271
24 0.532952 0.351230 0.014348 0.020279
24 0.506201 0.338597 0.014348 0.019614
24 0.533439 0.373172 0.013862 0.020279
24 0.505107 0.359209 0.015078 0.020279
24 0.519698 0.290060 0.006323 0.013630
24 0.500973 0.383311 0.013619 0.008644
24 0.501216 0.395113 0.014105 0.008976
24 0.467169 0.317653 0.013619 0.008976
24 0.468264 0.330286 0.012889 0.009641
24 0.467656 0.343916 0.014591 0.008976
24 0.467777 0.357713 0.013862 0.009973
24 0.467291 0.371676 0.013862 0.009973
24 0.450389 0.317154 0.014105 0.009973
24 0.449295 0.331782 0.013862 0.009309
24 0.449173 0.344415 0.013619 0.009309
24 0.449173 0.358876 0.013619 0.009641
24 0.408317 0.279422 0.007782 0.024269
24 0.396036 0.318650 0.015321 0.020279
24 0.395185 0.339594 0.016051 0.023604
24 0.397982 0.357380 0.014348 0.021941
24 0.370501 0.277926 0.006080 0.019947
24 0.355423 0.293052 0.015321 0.022274
24 0.355910 0.311503 0.017267 0.024601
24 0.357369 0.331449 0.014348 0.020612
24 0.356882 0.351562 0.014348 0.019614
24 0.341075 0.383976 0.013375 0.008644
24 0.325997 0.314495 0.013375 0.009309
24 0.324903 0.330785 0.013619 0.008644
24 0.325632 0.344581 0.013132 0.008976
24 0.325997 0.354222 0.013375 0.008311
24 0.326362 0.366689 0.005837 0.018617
24 0.303988 0.366523 0.005837 0.020279
24 0.266659 0.371011 0.006080 0.018617
24 0.280399 0.313331 0.014105 0.008976
24 0.280277 0.326961 0.013862 0.009641
24 0.280277 0.337932 0.013862 0.008976
24 0.227383 0.282580 0.007296 0.017952
24 0.241975 0.305020 0.016051 0.010971
24 0.243677 0.322806 0.020428 0.011968
24 0.242947 0.343418 0.016051 0.010638
24 0.241732 0.355219 0.016537 0.010971
24 0.221060 0.380153 0.016051 0.016290
24 0.240637 0.376164 0.024076 0.026263
24 0.253405 0.376662 0.021887 0.023936
24 0.262646 0.391622 0.006323 0.017287
24 0.179839 0.323637 0.013862 0.008976
24 0.180083 0.336935 0.013375 0.009641
24 0.180569 0.349900 0.014348 0.009641
24 0.181663 0.362201 0.013132 0.008976
24 0.180691 0.372839 0.013619 0.008976
24 0.154548 0.309840 0.013375 0.009309
24 0.167315 0.331782 0.012646 0.009973
24 0.155034 0.353391 0.013375 0.008644
24 0.140078 0.262134 0.007296 0.024269
24 0.140199 0.304688 0.008025 0.022939
24 0.139227 0.350565 0.007053 0.018949
24 0.135092 0.375831 0.014348 0.008976
24 0.166221 0.399767 0.013375 0.009641
24 0.206104 0.398936 0.012889 0.009973
24 0.193823 0.417553 0.012160 0.008644
24 0.205982 0.417719 0.012646 0.010306
24 0.192972 0.460106 0.006566 0.019947
24 0.186770 0.489195 0.005837 0.013630
24 0.203551 0.507979 0.006323 0.012633
24 0.212427 0.506316 0.006566 0.011968
24 0.203915 0.439661 0.006566 0.012965
24 0.221547 0.435339 0.016051 0.017620
24 0.244042 0.438165 0.024562 0.022606
24 0.260579 0.439827 0.029426 0.027926
24 0.221425 0.487035 0.007539 0.020612
24 0.231031 0.484541 0.006809 0.019614
6 0.241975 0.476064 0.008268 0.021277
24 0.223857 0.521110 0.013375 0.008976
24 0.240029 0.508810 0.007296 0.006316
24 0.239786 0.496842 0.006323 0.006981
24 0.247325 0.502660 0.006323 0.018617
24 0.265564 0.523271 0.006323 0.019282
24 0.277845 0.520944 0.013862 0.007979
6 0.293653 0.410406 0.012403 0.010306
24 0.286235 0.495013 0.006323 0.018617
24 0.285749 0.510805 0.013619 0.008311
24 0.316026 0.520445 0.012889 0.008976
24 0.333293 0.505984 0.010944 0.017287
24 0.316756 0.425864 0.013375 0.009309
24 0.316999 0.441988 0.013862 0.009641
24 0.316999 0.454289 0.013862 0.008976
24 0.316756 0.465426 0.013375 0.008644
24 0.317364 0.476230 0.013132 0.008976
24 0.361260 0.453457 0.011916 0.017287
6 0.389713 0.453125 0.017753 0.012633
6 0.419382 0.405918 0.007539 0.021941
24 0.417072 0.450299 0.011673 0.017620
24 0.420598 0.476396 0.017267 0.011303
24 0.436406 0.489029 0.012403 0.015293
24 0.441999 0.508145 0.020671 0.027593
24 0.444431 0.440658 0.016780 0.010306
24 0.477505 0.424368 0.006566 0.018949
24 0.461941 0.441822 0.013375 0.008644
24 0.471060 0.471576 0.019455 0.027593
24 0.478599 0.495678 0.018482 0.024601
24 0.473249 0.504322 0.017023 0.023271
24 0.460846 0.510140 0.008268 0.012965
24 0.489543 0.514461 0.013132 0.008976
24 0.489786 0.495512 0.013619 0.008976
24 0.490151 0.485705 0.014348 0.008644
24 0.490637 0.472241 0.013862 0.008311
24 0.500851 0.453624 0.006566 0.024934
24 0.507661 0.434009 0.017267 0.010306
24 0.516172 0.444980 0.013862 0.008976
24 0.516172 0.539727 0.014348 0.008311
17 0.536479 0.539727 0.017510 0.009641
24 0.549125 0.525598 0.007782 0.007979
24 0.549003 0.516290 0.008025 0.008644
24 0.548881 0.502161 0.007296 0.008311
24 0.548638 0.487533 0.007296 0.007646
24 0.556907 0.468584 0.019455 0.012301
24 0.554596 0.453624 0.016780 0.010306
24 0.521158 0.412733 0.014105 0.019614
24 0.535384 0.412566 0.017753 0.027261
24 0.548638 0.411902 0.017023 0.027261
24 0.564202 0.412234 0.018482 0.027261
24 0.571620 0.423703 0.006566 0.020279
24 0.566999 0.509309 0.007053 0.019947
24 0.573565 0.532247 0.013862 0.009973
6 0.575146 0.547872 0.020428 0.010638
6 0.624514 0.407580 0.006809 0.019282
24 0.602626 0.450133 0.039883 0.011968
24 0.602991 0.466922 0.040126 0.010971
24 0.587670 0.502826 0.013862 0.020944
24 0.589251 0.521941 0.013619 0.019282
24 0.634728 0.455785 0.006323 0.018617
24 0.624027 0.510140 0.015078 0.019614
24 0.624757 0.530253 0.014591 0.020612
24 0.622325 0.553358 0.010700 0.013630
24 0.638983 0.533743 0.012889 0.063497
24 0.665370 0.430020 0.009728 0.009641
24 0.664032 0.466755 0.009971 0.008644
24 0.657466 0.522108 0.010457 0.029588
24 0.710360 0.570146 0.014105 0.009309
24 0.754499 0.472739 0.005593 0.012633
24 0.781250 0.471908 0.011430 0.014960
24 0.789032 0.589927 0.058123 0.033577
24 0.756445 0.598570 0.007053 0.020279
24 0.730058 0.590259 0.013619 0.010306
24 0.777724 0.667221 0.013132 0.009309
17 0.773711 0.720745 0.021158 0.008644
24 0.795720 0.733211 0.013619 0.008311
24 0.776994 0.734043 0.013132 0.008644
24 0.743434 0.660738 0.014105 0.007646
24 0.725559 0.661070 0.013375 0.008311
6 0.728842 0.647274 0.016051 0.007979
24 0.738570 0.733378 0.008755 0.008644
24 0.674976 0.674867 0.013375 0.011303
24 0.687135 0.590924 0.003161 0.007646
24 0.673395 0.591589 0.003891 0.007646
24 0.628283 0.593251 0.006566 0.018949
24 0.623541 0.655585 0.007296 0.022606
24 0.598249 0.657580 0.008268 0.023271
24 0.637403 0.725898 0.011673 0.011636
24 0.582563 0.724402 0.011430 0.011303
24 0.594358 0.637134 0.016051 0.010306
6 0.570404 0.597739 0.007053 0.022606
24 0.549125 0.623172 0.007782 0.014960
24 0.570647 0.652593 0.017267 0.010638
24 0.530156 0.697473 0.013619 0.009973
24 0.518726 0.710605 0.006323 0.020279
24 0.521887 0.606715 0.013132 0.013963
24 0.511187 0.605718 0.007296 0.022606
24 0.501946 0.605552 0.006809 0.021609
24 0.471668 0.585938 0.008025 0.063497
24 0.477262 0.594415 0.008998 0.013963
24 0.487597 0.585439 0.008268 0.061835
24 0.491853 0.570977 0.007053 0.013630
24 0.492947 0.587600 0.008268 0.012965
24 0.516051 0.679854 0.015078 0.009309
24 0.501338 0.679854 0.014348 0.008644
24 0.487111 0.680186 0.014105 0.009309
24 0.470939 0.680685 0.014348 0.008311
24 0.455739 0.588930 0.007782 0.012301
24 0.426313 0.631981 0.011673 0.015957
24 0.457685 0.626828 0.013132 0.010306
24 0.446012 0.644614 0.016537 0.009973
24 0.456955 0.680519 0.012160 0.008644
6 0.459144 0.704455 0.006809 0.022606
24 0.436406 0.676363 0.012889 0.007646
24 0.444066 0.653424 0.015564 0.018949
24 0.461211 0.643451 0.008998 0.010971
24 0.385700 0.722573 0.013619 0.008976
24 0.357612 0.720246 0.017753 0.009641
24 0.383390 0.683344 0.019698 0.028258
24 0.366853 0.680851 0.019212 0.028590
24 0.351167 0.684342 0.017023 0.023604
24 0.376824 0.639295 0.006566 0.013298
24 0.348492 0.659741 0.006809 0.012301
24 0.339008 0.661403 0.006323 0.018285
24 0.331590 0.667886 0.006566 0.024601
24 0.341440 0.615691 0.008268 0.012633
24 0.319674 0.618185 0.013862 0.007646
24 0.330861 0.594082 0.010457 0.012633
24 0.325511 0.591257 0.009484 0.012965
24 0.323444 0.585273 0.008755 0.012301
24 0.319796 0.578956 0.009241 0.011636
24 0.319188 0.570146 0.009971 0.013298
24 0.331834 0.616024 0.008512 0.011968
24 0.331226 0.635805 0.005837 0.018949
24 0.305812 0.647939 0.013375 0.008644
24 0.296693 0.618684 0.013619 0.009309
24 0.287573 0.648438 0.013862 0.008311
24 0.277845 0.619016 0.013862 0.008644
24 0.258390 0.619016 0.013375 0.008644
24 0.267753 0.650266 0.013619 0.008644
24 0.249514 0.650765 0.014105 0.009641
24 0.313594 0.536237 0.006566 0.017952
6 0.323565 0.544714 0.013375 0.020279
24 0.301435 0.537733 0.013375 0.008311
24 0.292315 0.547207 0.006809 0.017952
24 0.311162 0.587101 0.015321 0.007979
24 0.289883 0.587600 0.015564 0.007646
24 0.277602 0.573803 0.009484 0.009309
24 0.279426 0.584940 0.012646 0.016290
24 0.268361 0.584109 0.013375 0.017952
24 0.260092 0.585439 0.011430 0.017287
24 0.266172 0.573138 0.006566 0.018617
24 0.237840 0.544548 0.012646 0.009309
24 0.222641 0.554189 0.013862 0.007979
24 0.240516 0.585273 0.013132 0.007646
24 0.224830 0.586436 0.013862 0.007979
24 0.239056 0.601396 0.012160 0.009309
24 0.239664 0.613863 0.012889 0.009641
24 0.226411 0.626828 0.013132 0.009641
24 0.226167 0.656582 0.013619 0.007979
24 0.225924 0.678856 0.013619 0.009973
24 0.212305 0.698969 0.008268 0.009641
24 0.212305 0.711602 0.009241 0.009641
24 0.212549 0.723903 0.008755 0.008976
24 0.212913 0.735871 0.008998 0.008311
24 0.212670 0.748338 0.008998 0.008644
24 0.197106 0.767121 0.006566 0.014295
24 0.236260 0.662899 0.006080 0.019282
24 0.243677 0.668883 0.006809 0.018617
24 0.259363 0.690824 0.006080 0.017952
24 0.268239 0.691323 0.006809 0.018949
24 0.279183 0.690824 0.005837 0.018617
24 0.288181 0.693650 0.005837 0.023604
24 0.297301 0.693484 0.006566 0.023936
24 0.307758 0.690326 0.007539 0.018285
24 0.317121 0.693650 0.006809 0.024269
24 0.285384 0.708777 0.012889 0.009309
24 0.286114 0.721742 0.014348 0.009309
24 0.247446 0.757314 0.006566 0.007979
24 0.275778 0.756483 0.006809 0.006981
24 0.263375 0.761968 0.020914 0.011303
24 0.304839 0.779255 0.007053 0.017287
24 0.303259 0.765459 0.009241 0.008976
24 0.341196 0.733211 0.008755 0.026263
24 0.349222 0.756981 0.011187 0.010638
24 0.370866 0.743850 0.013132 0.009641
24 0.371231 0.755319 0.012889 0.009309
24 0.404791 0.749335 0.021644 0.010638
24 0.398468 0.773271 0.006566 0.017952
6 0.441026 0.758810 0.006080 0.020944
24 0.422301 0.805685 0.019212 0.009641
24 0.480910 0.752493 0.006080 0.018949
24 0.486138 0.739528 0.013619 0.008311
24 0.504256 0.741356 0.013862 0.007979
24 0.529426 0.752327 0.011673 0.010638
24 0.548760 0.766955 0.010457 0.011303
24 0.555934 0.818484 0.007296 0.029255
17 0.578429 0.794548 0.006566 0.024601
24 0.598127 0.795711 0.007053 0.018285
17 0.629256 0.793883 0.006566 0.024601
24 0.579037 0.834275 0.005350 0.013630
24 0.629134 0.847573 0.010214 0.008311
24 0.655764 0.823637 0.006080 0.018949
24 0.640564 0.751164 0.005350 0.012965
24 0.656615 0.750000 0.005837 0.018617
24 0.686649 0.779588 0.007053 0.030585
24 0.687378 0.807181 0.013375 0.008644
24 0.695647 0.761137 0.010944 0.011636
24 0.743069 0.829455 0.019212 0.013298
24 0.812014 0.769947 0.004377 0.009309
24 0.750243 0.802693 0.011673 0.006981
24 0.732490 0.818152 0.012160 0.007979
24 0.621352 0.796044 0.011673 0.007646
24 0.571133 0.796875 0.012403 0.007314
24 0.466561 0.806184 0.011916 0.007314
24 0.803988 0.804023 0.011673 0.010971
24 0.688230 0.821642 0.012160 0.016290
24 0.638011 0.795379 0.010944 0.015625
24 0.587305 0.796376 0.011673 0.015625
24 0.438351 0.806516 0.011430 0.017287
24 0.409168 0.809176 0.011430 0.014628
24 0.111868 0.784741 0.026751 0.012301
24 0.143118 0.847074 0.026994 0.011303
24 0.210846 0.846410 0.028696 0.011968
24 0.174854 0.846410 0.025292 0.010638
24 0.179961 0.777427 0.035019 0.013630
24 0.209022 0.789561 0.016780 0.009309
24 0.181177 0.789727 0.010214 0.009641
24 0.153210 0.789395 0.011187 0.010306
24 0.167072 0.788896 0.011187 0.009309
24 0.248176 0.824468 0.007053 0.006649
24 0.276629 0.823969 0.007539 0.006981
24 0.262403 0.818983 0.021887 0.010306
24 0.254864 0.846077 0.025778 0.009309
24 0.300827 0.845080 0.027724 0.010638
24 0.304839 0.826629 0.006080 0.018285
24 0.304961 0.812001 0.013619 0.008976
24 0.305569 0.800033 0.016780 0.009641
24 0.340710 0.831948 0.008755 0.016955
24 0.452213 0.834441 0.019212 0.011968
24 0.519698 0.832281 0.006809 0.013630
24 0.679718 0.881150 0.012160 0.010306
18 0.131323 0.184176 0.042802 0.027261
18 0.214494 0.182181 0.043774 0.026596
18 0.285141 0.180519 0.043531 0.027261
18 0.356761 0.179688 0.043774 0.028258
18 0.430691 0.178690 0.043774 0.027593
18 0.501338 0.177527 0.043531 0.025931
18 0.568701 0.177693 0.043045 0.027593
18 0.644090 0.175366 0.043531 0.028923
18 0.712062 0.174867 0.043288 0.027926
18 0.774441 0.174036 0.042558 0.026263
18 0.766902 0.322141 0.015807 0.008644
18 0.766659 0.333943 0.015807 0.010306
18 0.766780 0.356051 0.016051 0.009973
18 0.629742 0.318816 0.016294 0.009973
18 0.630837 0.333610 0.016051 0.010306
18 0.630107 0.360871 0.016537 0.010971
18 0.598492 0.368351 0.015078 0.010638
18 0.485409 0.331117 0.016051 0.009973
18 0.485773 0.357547 0.016294 0.010971
18 0.484922 0.371177 0.015564 0.009641
18 0.485530 0.384475 0.015807 0.008976
18 0.485287 0.396941 0.015321 0.011303
18 0.433852 0.359874 0.015078 0.010306
18 0.341440 0.330951 0.016051 0.010306
18 0.341318 0.345246 0.015807 0.010971
18 0.341561 0.374003 0.015321 0.009973
18 0.196133 0.324801 0.016780 0.011303
18 0.196133 0.349568 0.015807 0.010306
18 0.196620 0.374668 0.016294 0.010638
18 0.193580 0.489029 0.006809 0.023271
18 0.203186 0.488697 0.006566 0.022606
18 0.193823 0.524934 0.016051 0.010638
18 0.222763 0.530751 0.016051 0.010306
18 0.239664 0.525266 0.007539 0.020612
18 0.259120 0.525598 0.008025 0.023936
18 0.302043 0.510140 0.015564 0.009641
18 0.301435 0.521775 0.015807 0.008976
18 0.301313 0.426363 0.016051 0.010306
18 0.301678 0.441988 0.015807 0.009641
18 0.302043 0.454621 0.016537 0.009641
18 0.302164 0.466589 0.015807 0.010971
18 0.466318 0.450798 0.016294 0.010638
18 0.515807 0.455120 0.016051 0.010638
18 0.516902 0.471576 0.015321 0.012301
18 0.516659 0.485539 0.016294 0.012965
18 0.517145 0.501164 0.015807 0.012301
18 0.516902 0.515459 0.015321 0.012301
18 0.517631 0.529588 0.015807 0.011303
18 0.758025 0.618850 0.007296 0.022939
18 0.709874 0.580618 0.016051 0.010971
18 0.768118 0.674867 0.007053 0.023936
18 0.742947 0.671044 0.015564 0.008976
18 0.724951 0.671376 0.015564 0.009641
18 0.794990 0.743351 0.016051 0.009309
18 0.777359 0.743850 0.015807 0.008976
18 0.631931 0.656915 0.007053 0.024601
18 0.606518 0.658577 0.007782 0.023271
18 0.572471 0.662733 0.016051 0.011636
18 0.532952 0.687001 0.016780 0.010306
18 0.481031 0.603557 0.016051 0.022274
18 0.495866 0.605219 0.006323 0.022274
18 0.512160 0.712932 0.006809 0.023604
18 0.435676 0.667387 0.016294 0.011636
18 0.325511 0.668052 0.006566 0.022939
18 0.316513 0.668218 0.007053 0.023936
18 0.296814 0.668717 0.006566 0.022939
18 0.287573 0.667719 0.006566 0.022939
18 0.267875 0.669049 0.007053 0.022939
18 0.316391 0.633810 0.006809 0.021609
18 0.307028 0.632979 0.006566 0.022606
18 0.287451 0.633976 0.006323 0.022606
18 0.278575 0.634807 0.007053 0.022274
18 0.258876 0.635140 0.006566 0.023604
18 0.249635 0.634142 0.007053 0.023604
18 0.259241 0.669215 0.007296 0.023936
18 0.271158 0.708777 0.015564 0.010638
18 0.271522 0.721742 0.015807 0.010638
18 0.225073 0.601895 0.016294 0.012301
18 0.225559 0.635638 0.016294 0.011303
18 0.224951 0.668551 0.015564 0.009973
18 0.199781 0.709608 0.015807 0.011636
18 0.200146 0.722407 0.016051 0.011303
18 0.200146 0.746676 0.016537 0.011968
18 0.311770 0.779422 0.007296 0.022939
18 0.316634 0.826463 0.015564 0.010638
18 0.385822 0.731549 0.016294 0.009641
18 0.385822 0.743850 0.016294 0.010971
18 0.385822 0.756150 0.015321 0.010971
18 0.398589 0.794215 0.006809 0.022606
18 0.503040 0.751662 0.015807 0.009309
18 0.483341 0.806017 0.010457 0.010306
18 0.599343 0.817653 0.007053 0.023604
18 0.648468 0.816656 0.007539 0.022939
11 0.129377 0.260971 0.015078 0.041888
11 0.151021 0.212267 0.016051 0.022274
11 0.298030 0.209940 0.016780 0.023604
11 0.440297 0.205618 0.016294 0.022939
11 0.583658 0.205618 0.016537 0.023604
11 0.723249 0.207945 0.015564 0.022274
11 0.766659 0.310505 0.016294 0.008644
11 0.718264 0.306516 0.016294 0.009973
11 0.718872 0.322640 0.017023 0.010971
11 0.719723 0.337766 0.017267 0.010638
11 0.629499 0.307347 0.017267 0.010971
11 0.577456 0.306350 0.016780 0.011636
11 0.577456 0.318983 0.016780 0.011636
11 0.577456 0.331782 0.016780 0.011303
11 0.580253 0.368019 0.017510 0.011303
11 0.485773 0.317154 0.017753 0.010638
11 0.434095 0.318816 0.017023 0.011303
11 0.433731 0.331449 0.016294 0.011303
11 0.434095 0.344249 0.017023 0.011636
11 0.341075 0.315160 0.016780 0.011303
11 0.295598 0.314328 0.016780 0.010971
11 0.295598 0.326795 0.016294 0.011303
11 0.295720 0.338597 0.017023 0.011636
11 0.196863 0.361868 0.016780 0.010971
11 0.152724 0.319814 0.017023 0.011303
11 0.152724 0.332281 0.016537 0.011636
11 0.155885 0.344249 0.017023 0.010971
11 0.128648 0.304355 0.015564 0.042221
11 0.129256 0.348072 0.016294 0.041223
11 0.136673 0.390126 0.030642 0.021609
18 0.210725 0.444315 0.006566 0.023604
11 0.201483 0.460273 0.009484 0.025598
11 0.212549 0.487699 0.006809 0.023936
11 0.230058 0.462434 0.006809 0.024601
11 0.248298 0.524435 0.006809 0.023604
11 0.222763 0.544382 0.016537 0.009641
11 0.224708 0.562334 0.016051 0.008976
11 0.263740 0.412733 0.006080 0.023604
11 0.302043 0.478890 0.017023 0.010971
11 0.304839 0.494847 0.030399 0.021609
11 0.328307 0.510805 0.016051 0.023604
18 0.278453 0.530086 0.016537 0.010306
11 0.356761 0.460439 0.016051 0.022606
11 0.422665 0.455785 0.016537 0.022606
11 0.470939 0.424701 0.007053 0.025598
11 0.466561 0.516955 0.016294 0.023271
11 0.557150 0.532580 0.016537 0.011303
11 0.640929 0.458610 0.006080 0.023604
11 0.729815 0.599568 0.017023 0.008976
11 0.634849 0.591423 0.006566 0.024601
24 0.524319 0.594249 0.004377 0.008311
24 0.515807 0.594415 0.004377 0.008644
11 0.519334 0.570811 0.015807 0.040559
11 0.502918 0.571809 0.015564 0.042553
11 0.452578 0.595745 0.015564 0.021277
11 0.420233 0.637633 0.016051 0.021941
11 0.349951 0.639461 0.006809 0.024269
11 0.340345 0.639461 0.006566 0.024269
11 0.325389 0.633477 0.005837 0.022274
11 0.363692 0.661403 0.016780 0.009641
11 0.296693 0.633976 0.006323 0.021277
11 0.267510 0.633810 0.006323 0.023604
11 0.307636 0.668551 0.006809 0.024601
11 0.278818 0.668052 0.007053 0.024269
11 0.250365 0.668717 0.006566 0.023604
11 0.239664 0.641622 0.006566 0.024601
11 0.314202 0.557680 0.006809 0.023604
11 0.303259 0.562832 0.016051 0.042553
11 0.291586 0.567985 0.006323 0.022939
11 0.266051 0.551197 0.005350 0.024601
11 0.253526 0.560505 0.016294 0.042553
11 0.240759 0.568650 0.006809 0.024269
11 0.225195 0.615691 0.016537 0.010638
11 0.225681 0.648105 0.016537 0.010306
11 0.199781 0.697307 0.016780 0.011636
11 0.200024 0.734541 0.015807 0.010306
11 0.474708 0.754987 0.006323 0.024601
11 0.486138 0.731217 0.016051 0.010306
11 0.710968 0.814162 0.030399 0.021941
18 0.786479 0.803856 0.016537 0.006649
17 0.767631 0.804521 0.019212 0.007979
23 0.248176 0.133644 0.051800 0.080452
23 0.392388 0.127826 0.046936 0.080120
23 0.536600 0.128657 0.052772 0.076463
23 0.680204 0.231217 0.055447 0.080120
23 0.665005 0.324634 0.052772 0.078125
23 0.602748 0.605386 0.043531 0.055186
23 0.676800 0.719581 0.057879 0.067487
23 0.419382 0.712101 0.048395 0.080452
6 0.175340 0.267786 0.046206 0.066157
6 0.320647 0.266622 0.044990 0.063830
6 0.466683 0.264628 0.045233 0.062500
6 0.608949 0.262467 0.044747 0.062832
6 0.744042 0.262799 0.044990 0.064162
6 0.601775 0.409741 0.038181 0.058178
6 0.441877 0.404754 0.037938 0.055519
6 0.263254 0.477227 0.028453 0.039561
6 0.391294 0.545213 0.118677 0.164229
6 0.552286 0.568983 0.050097 0.054189
19 0.674246 0.550698 0.050340 0.090093
6 0.730302 0.624501 0.042802 0.038896
6 0.484679 0.704289 0.044261 0.038231
6 0.277481 0.421875 0.017023 0.033910
19 0.739543 0.703790 0.047179 0.053191
19 0.618799 0.700632 0.039154 0.062168
19 0.565540 0.703125 0.037208 0.065824
19 0.209995 0.767121 0.019212 0.024269
19 0.363448 0.792387 0.062014 0.060838
6 0.457077 0.755485 0.026508 0.048205
19 0.512646 0.786902 0.068093 0.053856
19 0.780520 0.777759 0.069309 0.049535
12 0.174732 0.144781 0.060554 0.046875
12 0.321012 0.140625 0.059825 0.047207
12 0.465710 0.137134 0.059825 0.048205
12 0.609557 0.135140 0.059095 0.044880
12 0.743069 0.134309 0.061527 0.045878
12 0.726775 0.467753 0.051313 0.175532
12 0.825754 0.695977 0.065418 0.070146
12 0.138497 0.464594 0.093142 0.122673
12 0.148103 0.598404 0.131323 0.144947
12 0.132296 0.725898 0.099222 0.120678
12 0.111260 0.821144 0.035749 0.061170
12 0.120866 0.875831 0.045233 0.048205
12 0.165248 0.875665 0.044018 0.047872
12 0.210603 0.875499 0.045720 0.048205
12 0.255229 0.874169 0.045477 0.047540
12 0.299611 0.873172 0.045233 0.047540
12 0.387038 0.885805 0.067850 0.121343
12 0.455861 0.883644 0.068823 0.118351
12 0.524441 0.883477 0.068823 0.118019
12 0.582806 0.892287 0.048881 0.089761
12 0.633390 0.888963 0.048881 0.085771
12 0.714373 0.883477 0.052286 0.091423
12 0.779669 0.868019 0.070525 0.120346
24 0.130593 0.183344 0.020914 0.014960
24 0.214494 0.181184 0.019455 0.014628
24 0.284655 0.179355 0.019698 0.014295
24 0.356518 0.178524 0.019455 0.014628
24 0.429839 0.178025 0.020671 0.013630
24 0.501581 0.177693 0.020671 0.013630
24 0.568093 0.176862 0.020428 0.013963
24 0.643604 0.174867 0.019698 0.015957
24 0.711576 0.175366 0.019455 0.014295
24 0.774562 0.173703 0.019455 0.014295
24 0.247203 0.136636 0.032831 0.033910
24 0.392753 0.129322 0.032588 0.031915
24 0.538789 0.128324 0.032344 0.033245
24 0.685554 0.235040 0.032101 0.031915
24 0.668045 0.316323 0.035992 0.030253
24 0.609436 0.605219 0.018482 0.038231
24 0.676313 0.721243 0.024805 0.046210
24 0.419869 0.721576 0.033804 0.033577
24 0.766902 0.321975 0.005107 0.005652
24 0.767388 0.334608 0.005593 0.005652
24 0.767388 0.356217 0.006080 0.005652
24 0.629742 0.318650 0.005107 0.005652
24 0.630837 0.332779 0.005837 0.005984
24 0.630715 0.361037 0.005107 0.005319
24 0.598979 0.368185 0.005837 0.005652
24 0.485773 0.330452 0.005593 0.005319
24 0.485773 0.357547 0.005593 0.004987
24 0.485165 0.371011 0.005350 0.005319
24 0.434217 0.359209 0.005593 0.006981
24 0.341196 0.331117 0.005350 0.006649
24 0.341440 0.345080 0.005837 0.005319
24 0.195890 0.325133 0.005107 0.005319
24 0.196012 0.349402 0.005350 0.005319
22 0.166342 0.385805 0.019942 0.016955
24 0.166950 0.385805 0.010944 0.006316
24 0.196133 0.374003 0.005107 0.005319
24 0.193337 0.489029 0.003891 0.007979
24 0.202456 0.489029 0.003648 0.007979
24 0.209995 0.444648 0.003648 0.006981
24 0.193458 0.525432 0.005107 0.006981
24 0.222398 0.530585 0.005593 0.005984
24 0.239786 0.524102 0.004377 0.007646
24 0.263254 0.476895 0.015321 0.022274
24 0.258998 0.525598 0.003891 0.007314
24 0.278089 0.529255 0.005593 0.005984
24 0.278453 0.421875 0.010700 0.006649
24 0.301800 0.426529 0.005837 0.005984
24 0.301921 0.441822 0.005107 0.005984
24 0.301678 0.453790 0.005593 0.005319
24 0.301800 0.466755 0.004864 0.005319
24 0.300827 0.509475 0.005350 0.005652
24 0.301678 0.521110 0.005593 0.005652
24 0.466318 0.450133 0.005593 0.005984
24 0.516051 0.454621 0.005350 0.005652
24 0.516659 0.470578 0.005107 0.006981
24 0.517145 0.485871 0.005107 0.006316
24 0.517267 0.501164 0.005350 0.005652
24 0.517510 0.516290 0.005837 0.005984
24 0.517267 0.530086 0.005350 0.006316
3 0.678624 0.448803 0.047909 0.027926
3 0.676800 0.410904 0.044747 0.026596
3 0.676921 0.485539 0.049368 0.026263
24 0.679353 0.407912 0.014835 0.013298
24 0.677286 0.482048 0.014105 0.011968
24 0.680204 0.448637 0.014105 0.014295
24 0.709995 0.580785 0.004621 0.004654
24 0.678624 0.538564 0.023103 0.019282
24 0.684582 0.562168 0.016537 0.009309
24 0.495987 0.605718 0.004134 0.007979
24 0.481153 0.604222 0.005107 0.006981
24 0.406128 0.511469 0.022860 0.031582
2 0.278696 0.552194 0.019455 0.032580
24 0.278818 0.552527 0.010457 0.018617
24 0.224587 0.575964 0.006080 0.006316
24 0.144698 0.600898 0.075875 0.105386
24 0.199903 0.709608 0.005837 0.005652
24 0.200146 0.722407 0.005350 0.005319
24 0.200389 0.746509 0.004864 0.005652
24 0.225195 0.601562 0.005837 0.006316
24 0.225438 0.635306 0.005837 0.005984
24 0.224951 0.669049 0.005350 0.006316
24 0.249514 0.634973 0.003405 0.007314
24 0.258512 0.634142 0.003891 0.007646
24 0.258998 0.669215 0.004377 0.007314
24 0.287695 0.634142 0.003891 0.007646
24 0.316269 0.634142 0.004134 0.008311
24 0.287816 0.668883 0.004134 0.007979
24 0.316513 0.668218 0.004134 0.007979
24 0.267388 0.669215 0.003648 0.006649
24 0.277967 0.634807 0.003405 0.006981
24 0.296206 0.668717 0.003405 0.007646
24 0.306785 0.634142 0.003161 0.007646
24 0.325146 0.668384 0.003891 0.007646
2 0.363205 0.639129 0.019698 0.032912
24 0.435676 0.667719 0.005107 0.004322
24 0.533196 0.687168 0.005107 0.005319
24 0.572592 0.662899 0.005593 0.005984
3 0.536357 0.633976 0.019698 0.061170
24 0.537816 0.637633 0.008998 0.018617
24 0.579037 0.425033 0.004377 0.007646
24 0.485287 0.384641 0.005107 0.005319
24 0.485287 0.397440 0.005107 0.005652
24 0.758390 0.618351 0.003648 0.007314
24 0.795355 0.743517 0.005107 0.004987
24 0.777481 0.743850 0.005837 0.006316
24 0.725195 0.670878 0.005837 0.005984
24 0.743069 0.670878 0.005107 0.005319
24 0.767996 0.675366 0.003891 0.008311
24 0.741853 0.706283 0.013375 0.031582
3 0.723371 0.753989 0.044990 0.027261
24 0.728721 0.751662 0.016294 0.012633
24 0.617947 0.702460 0.022374 0.019282
24 0.565905 0.702128 0.020428 0.015957
3 0.565418 0.747839 0.045233 0.026928
24 0.563351 0.748504 0.013862 0.012965
24 0.512160 0.712600 0.003891 0.007646
24 0.503040 0.751330 0.005107 0.004654
24 0.385822 0.731383 0.005107 0.003989
24 0.385700 0.755818 0.005350 0.006316
24 0.271036 0.709275 0.005107 0.004987
24 0.271279 0.721908 0.005107 0.005652
24 0.311406 0.780419 0.003161 0.007646
24 0.316756 0.827128 0.005107 0.005984
24 0.485044 0.806350 0.003648 0.005652
24 0.599587 0.816822 0.004134 0.007314
24 0.648468 0.817320 0.004621 0.008311
12 0.174611 0.116689 0.075389 0.038564
12 0.320647 0.115193 0.078064 0.039561
12 0.465953 0.113198 0.077821 0.037566
12 0.608585 0.109375 0.077578 0.039229
12 0.741488 0.107547 0.075389 0.037566
12 0.118677 0.227726 0.030156 0.022606
24 0.119285 0.401097 0.008998 0.007646
12 0.104086 0.320312 0.025778 0.157247
12 0.410019 0.323305 0.017510 0.062832
12 0.369893 0.327793 0.013619 0.079122
12 0.766902 0.425199 0.030885 0.066489
12 0.766780 0.516290 0.034047 0.067819
20 0.785263 0.514960 0.054475 0.112367
20 0.767023 0.344082 0.016537 0.011303
12 0.696863 0.337267 0.013375 0.077460
20 0.629985 0.346742 0.017267 0.012633
12 0.545233 0.346908 0.014591 0.079455
12 0.518604 0.332613 0.013375 0.078790
20 0.485773 0.344082 0.017267 0.011303
12 0.543288 0.433178 0.055447 0.018617
24 0.341561 0.373836 0.005107 0.004987
20 0.316999 0.367520 0.011916 0.020279
20 0.295233 0.368684 0.012646 0.019947
20 0.275049 0.368684 0.012160 0.020612
20 0.341683 0.359541 0.017023 0.012965
12 0.227262 0.332945 0.012403 0.077460
20 0.196376 0.337766 0.017267 0.011968
20 0.191513 0.403757 0.014835 0.018285
14 0.220209 0.463265 0.009484 0.026928
12 0.234314 0.398105 0.044504 0.020279
12 0.234314 0.417886 0.045477 0.018617
12 0.450389 0.473903 0.046206 0.063497
12 0.576483 0.482048 0.015807 0.080452
17 0.535141 0.454455 0.020671 0.013298
17 0.535627 0.470412 0.020185 0.012633
17 0.535141 0.485372 0.019698 0.013963
17 0.535263 0.500665 0.018969 0.013298
17 0.535627 0.515126 0.019212 0.012301
17 0.535749 0.529588 0.019455 0.011968
12 0.502918 0.505818 0.012160 0.077460
12 0.611260 0.525100 0.020185 0.058843
24 0.758755 0.670213 0.011673 0.016622
3 0.652481 0.597241 0.019942 0.046210
20 0.673030 0.632314 0.064446 0.070479
12 0.494528 0.626995 0.060554 0.019947
12 0.488692 0.666223 0.075146 0.019947
12 0.495501 0.646609 0.059582 0.019947
16 0.333658 0.601729 0.016051 0.021941
20 0.326605 0.549867 0.008268 0.012633
20 0.326605 0.559342 0.008755 0.012301
20 0.326727 0.569315 0.008512 0.012301
20 0.330253 0.574967 0.008268 0.013630
20 0.334266 0.579289 0.008512 0.012301
20 0.337913 0.583610 0.008512 0.012965
24 0.320282 0.609707 0.006323 0.011303
12 0.281615 0.602560 0.073444 0.022274
12 0.354694 0.704621 0.044990 0.022274
24 0.605910 0.657746 0.004134 0.007646
24 0.631809 0.657746 0.004377 0.008311
17 0.768361 0.701795 0.008998 0.027926
12 0.784411 0.694481 0.018726 0.035904
24 0.759120 0.724900 0.006080 0.016955
12 0.675462 0.775598 0.016780 0.043218
3 0.616124 0.746842 0.044990 0.026263
17 0.629134 0.810505 0.020428 0.012633
17 0.579159 0.811835 0.020185 0.012633
12 0.417072 0.764794 0.031128 0.023604
12 0.417558 0.788896 0.031128 0.023271
24 0.353356 0.769448 0.025778 0.013630
10 0.337792 0.861203 0.028210 0.053524
12 0.322471 0.791888 0.015564 0.063165
12 0.248054 0.837932 0.018482 0.020944
12 0.247082 0.741024 0.014591 0.021277
10 0.321012 0.736536 0.029669 0.054189
20 0.300462 0.788231 0.008512 0.012633
20 0.223614 0.789395 0.009484 0.016290
12 0.174003 0.803191 0.086819 0.019282
24 0.247568 0.792055 0.006323 0.009641
12 0.263011 0.798703 0.030885 0.021609
12 0.263375 0.777759 0.031128 0.020944
12 0.275778 0.740858 0.014591 0.020279
12 0.276751 0.838098 0.017023 0.021277
24 0.398954 0.794382 0.004621 0.008976
24 0.386065 0.743684 0.005593 0.005319
24 0.784168 0.556516 0.012889 0.007314
24 0.761552 0.384973 0.011916 0.015293
12 0.578794 0.833943 0.027237 0.026928
12 0.629621 0.831948 0.027237 0.026928
