12 0.544369 0.056660 0.888510 0.089463
7 0.178043 0.129225 0.064846 0.039761
11 0.179181 0.189861 0.060296 0.065606
3 0.246871 0.198807 0.050057 0.063618
3 0.245734 0.282306 0.054608 0.063618
3 0.197952 0.324056 0.020478 0.039761
20 0.244027 0.363817 0.062571 0.067594
7 0.126849 0.267396 0.037543 0.081511
4 0.155290 0.331014 0.035267 0.037773
11 0.296359 0.267396 0.035267 0.101392
11 0.295791 0.379722 0.034130 0.103380
11 0.375427 0.179920 0.056883 0.061630
4 0.436291 0.190855 0.035267 0.035785
18 0.495449 0.164016 0.021615 0.021869
17 0.496018 0.192843 0.029579 0.023857
11 0.463595 0.265408 0.035267 0.101392
11 0.463595 0.367793 0.032992 0.099404
11 0.513083 0.367793 0.034130 0.099404
11 0.562002 0.368787 0.034130 0.101392
6 0.521047 0.258449 0.029579 0.055666
18 0.550626 0.229622 0.022753 0.017893
18 0.551195 0.254473 0.021615 0.019881
18 0.551195 0.276342 0.021615 0.019881
6 0.571672 0.167992 0.026166 0.053678
6 0.611490 0.167992 0.026166 0.053678
6 0.651308 0.167992 0.026166 0.053678
6 0.691126 0.167992 0.026166 0.053678
6 0.730944 0.167992 0.026166 0.053678
6 0.771900 0.166998 0.026166 0.055666
6 0.812287 0.167992 0.027304 0.053678
6 0.850967 0.166998 0.025028 0.055666
6 0.891923 0.166998 0.027304 0.055666
6 0.877133 0.223658 0.043231 0.049702
6 0.872014 0.282306 0.048919 0.059642
20 0.945392 0.236581 0.020478 0.019881
18 0.944824 0.257455 0.019340 0.017893
20 0.945392 0.282306 0.020478 0.019881
12 0.978953 0.242545 0.026166 0.095427
6 0.866894 0.338966 0.020478 0.041750
11 0.870307 0.397614 0.056883 0.059642
6 0.947099 0.353877 0.085324 0.095427
4 0.863481 0.453280 0.036405 0.039761
6 0.869738 0.499006 0.044369 0.051690
6 0.870876 0.551690 0.042093 0.049702
18 0.911263 0.476143 0.022753 0.017893
18 0.910694 0.520875 0.021615 0.019881
18 0.910694 0.563618 0.021615 0.017893
18 0.910694 0.606362 0.021615 0.019881
12 0.960751 0.559642 0.058020 0.248509
6 0.886803 0.694831 0.085324 0.149105
17 0.811718 0.237575 0.028441 0.025845
6 0.893629 0.803181 0.026166 0.055666
6 0.853811 0.803181 0.026166 0.051690
6 0.813424 0.803181 0.025028 0.051690
6 0.806030 0.736581 0.039818 0.061630
18 0.766780 0.752485 0.020478 0.017893
6 0.773038 0.804175 0.026166 0.053678
6 0.733220 0.802187 0.026166 0.053678
6 0.691695 0.801193 0.025028 0.055666
6 0.651308 0.802187 0.026166 0.057654
6 0.611490 0.802187 0.026166 0.053678
6 0.571104 0.803181 0.025028 0.055666
11 0.554608 0.666998 0.055745 0.061630
18 0.615472 0.712724 0.022753 0.017893
18 0.638794 0.711730 0.021615 0.019881
22 0.460751 0.804175 0.047782 0.053678
22 0.460182 0.695825 0.046644 0.055666
22 0.437998 0.626243 0.022753 0.047714
10 0.502844 0.621272 0.040956 0.161034
6 0.562571 0.597416 0.046644 0.057654
4 0.567122 0.541750 0.037543 0.037773
7 0.443117 0.522863 0.080774 0.039761
17 0.514790 0.495030 0.014790 0.055666
17 0.494881 0.495030 0.013652 0.059642
4 0.462457 0.465209 0.035267 0.035785
11 0.418089 0.452286 0.035267 0.101392
6 0.369738 0.460239 0.047782 0.117296
20 0.321957 0.444334 0.011377 0.041750
6 0.289534 0.474155 0.046644 0.065606
11 0.308305 0.523857 0.022753 0.025845
11 0.282708 0.523857 0.021615 0.021869
20 0.418658 0.778330 0.011377 0.037773
6 0.351536 0.664016 0.138794 0.238569
20 0.242890 0.780318 0.042093 0.045726
4 0.269625 0.567594 0.020478 0.065606
17 0.224687 0.423459 0.030717 0.027833
18 0.225256 0.448310 0.022753 0.021869
6 0.231513 0.511928 0.019340 0.033797
6 0.230375 0.578529 0.048919 0.059642
4 0.250853 0.668986 0.037543 0.037773
11 0.259386 0.704771 0.022753 0.021869
18 0.259386 0.727634 0.022753 0.023857
20 0.165529 0.852883 0.042093 0.035785
6 0.145620 0.732604 0.045506 0.093439
12 0.089306 0.497018 0.176337 0.226640
12 0.544937 0.947316 0.887372 0.105368
24 0.094994 0.029821 0.012514 0.031809
24 0.096132 0.077535 0.014790 0.035785
24 0.139363 0.129225 0.017065 0.043738
24 0.142776 0.178926 0.014790 0.031809
24 0.226962 0.153082 0.019340 0.027833
24 0.287827 0.201789 0.018203 0.025845
24 0.325370 0.200795 0.020478 0.023857
24 0.375995 0.130219 0.021615 0.025845
24 0.448237 0.117296 0.029579 0.027833
24 0.428896 0.153082 0.027304 0.031809
24 0.468714 0.202783 0.020478 0.023857
24 0.518771 0.166998 0.018203 0.023857
24 0.531286 0.189861 0.034130 0.025845
24 0.494881 0.216700 0.018203 0.023857
24 0.592150 0.183897 0.012514 0.025845
24 0.630830 0.181909 0.014790 0.033797
24 0.494312 0.266402 0.012514 0.051690
24 0.502844 0.304175 0.018203 0.023857
24 0.555176 0.305169 0.018203 0.021869
24 0.576223 0.230616 0.026166 0.023857
24 0.571104 0.255467 0.020478 0.025845
24 0.571672 0.279324 0.019340 0.021869
24 0.670648 0.178926 0.012514 0.035785
24 0.711035 0.180915 0.013652 0.035785
24 0.751991 0.175944 0.013652 0.045726
24 0.791240 0.177932 0.012514 0.041750
24 0.831627 0.174950 0.011377 0.043738
24 0.870307 0.172962 0.013652 0.043738
24 0.911832 0.174950 0.012514 0.047714
24 0.955631 0.200795 0.013652 0.047714
24 0.920933 0.235586 0.026166 0.025845
24 0.921502 0.261431 0.027304 0.021869
24 0.920933 0.282306 0.030717 0.023857
24 0.847554 0.224652 0.013652 0.051690
24 0.842435 0.280318 0.012514 0.047714
24 0.890216 0.340954 0.014790 0.045726
24 0.973834 0.419483 0.027304 0.023857
24 0.943117 0.418489 0.020478 0.029821
24 0.906712 0.424453 0.013652 0.045726
24 0.891354 0.453280 0.012514 0.047714
24 0.912969 0.456262 0.028441 0.021869
24 0.911832 0.500994 0.028441 0.023857
24 0.841297 0.500000 0.012514 0.049702
24 0.841866 0.551690 0.013652 0.049702
24 0.910125 0.541750 0.022753 0.021869
24 0.911832 0.583499 0.026166 0.021869
24 0.862344 0.605368 0.029579 0.025845
24 0.961889 0.699801 0.053470 0.023857
24 0.964164 0.721670 0.028441 0.023857
24 0.942548 0.877734 0.023891 0.029821
24 0.914676 0.808151 0.013652 0.049702
24 0.874289 0.810139 0.012514 0.045726
24 0.835040 0.747515 0.013652 0.047714
24 0.835040 0.809145 0.011377 0.047714
24 0.792947 0.809145 0.011377 0.043738
24 0.753129 0.810139 0.011377 0.045726
24 0.741183 0.751491 0.026166 0.023857
24 0.704778 0.718688 0.037543 0.021869
24 0.712173 0.815109 0.013652 0.035785
24 0.670648 0.814115 0.012514 0.033797
24 0.631399 0.815109 0.011377 0.031809
24 0.662116 0.713718 0.022753 0.023857
24 0.591581 0.814115 0.013652 0.037773
24 0.590444 0.712724 0.025028 0.021869
24 0.538680 0.715706 0.028441 0.023857
24 0.506826 0.875746 0.028441 0.029821
24 0.536974 0.797217 0.013652 0.111332
24 0.548919 0.797217 0.012514 0.115308
24 0.448237 0.879722 0.029579 0.025845
24 0.452218 0.848907 0.028441 0.027833
24 0.456200 0.739563 0.027304 0.023857
24 0.457907 0.630219 0.012514 0.047714
24 0.442548 0.589463 0.029579 0.029821
24 0.474403 0.598410 0.013652 0.039761
24 0.531854 0.610338 0.012514 0.039761
24 0.539249 0.539761 0.013652 0.045726
24 0.515358 0.447316 0.013652 0.035785
24 0.495449 0.446322 0.014790 0.037773
24 0.457338 0.497018 0.029579 0.027833
24 0.462457 0.433400 0.028441 0.023857
24 0.411832 0.390656 0.025028 0.025845
24 0.403868 0.781312 0.013652 0.047714
24 0.323094 0.412525 0.018203 0.021869
24 0.321388 0.387674 0.012514 0.031809
24 0.254835 0.421471 0.020478 0.023857
24 0.258817 0.468191 0.014790 0.029821
24 0.245165 0.449304 0.017065 0.023857
24 0.337315 0.469185 0.012514 0.047714
24 0.390785 0.532803 0.014790 0.019881
24 0.328783 0.507952 0.027304 0.025845
24 0.284983 0.753479 0.026166 0.023857
24 0.248578 0.639165 0.030717 0.021869
24 0.248009 0.618290 0.011377 0.019881
24 0.266780 0.613320 0.026166 0.025845
24 0.220705 0.621272 0.025028 0.021869
24 0.199659 0.595427 0.012514 0.045726
24 0.199659 0.432406 0.014790 0.049702
24 0.204778 0.394632 0.013652 0.029821
24 0.197383 0.860835 0.017065 0.027833
24 0.199659 0.783300 0.012514 0.047714
24 0.212742 0.778330 0.011377 0.073559
24 0.178043 0.736581 0.012514 0.041750
24 0.234357 0.727634 0.027304 0.023857
24 0.234357 0.703777 0.027304 0.019881
24 0.170080 0.621272 0.023891 0.021869
24 0.106371 0.695825 0.012514 0.111332
24 0.102389 0.273360 0.011377 0.041750
24 0.114903 0.226640 0.020478 0.027833
24 0.181456 0.331014 0.012514 0.045726
24 0.200228 0.354871 0.027304 0.021869
24 0.207053 0.275348 0.013652 0.033797
24 0.096701 0.924453 0.011377 0.027833
24 0.096132 0.973161 0.010239 0.029821
24 0.327645 0.832008 0.193402 0.061630
24 0.708191 0.216700 0.092150 0.031809
24 0.709329 0.243539 0.089875 0.029821
24 0.778157 0.238569 0.034130 0.023857
24 0.806030 0.212724 0.017065 0.027833
6 0.712173 0.486083 0.245734 0.431412
6 0.377133 0.296223 0.110353 0.143141
24 0.187713 0.129225 0.011377 0.015905
24 0.242321 0.197813 0.036405 0.037773
24 0.242321 0.281312 0.034130 0.037773
24 0.375427 0.321074 0.079636 0.069583
24 0.370307 0.456262 0.032992 0.065606
24 0.713879 0.496024 0.167235 0.343936
24 0.949374 0.354871 0.026166 0.081511
24 0.886234 0.661034 0.070535 0.041750
24 0.498862 0.751491 0.021615 0.015905
24 0.505688 0.825050 0.030717 0.023857
24 0.521047 0.791252 0.009101 0.043738
24 0.460751 0.805169 0.015927 0.019881
24 0.460182 0.695825 0.017065 0.015905
24 0.351536 0.664016 0.061433 0.111332
12 0.441980 0.561630 0.085324 0.037773
7 0.167235 0.265408 0.045506 0.077535
