10 0.103630 0.333497 0.064624 0.095005
10 0.103502 0.168217 0.065911 0.104310
17 0.105175 0.255877 0.032698 0.060235
17 0.104403 0.412586 0.036818 0.055338
17 0.106076 0.470372 0.035530 0.056317
17 0.105433 0.527179 0.035788 0.057297
17 0.105175 0.583497 0.035273 0.053379
17 0.106076 0.638345 0.034501 0.056317
12 0.073378 0.789912 0.140062 0.117532
12 0.721164 0.845495 0.239444 0.091577
12 0.922503 0.817581 0.140062 0.120960
12 0.932673 0.594515 0.122297 0.127326
12 0.684217 0.117287 0.166581 0.067091
6 0.541195 0.246572 0.105046 0.200294
12 0.298919 0.116063 0.052008 0.066601
6 0.388131 0.189030 0.052266 0.097943
12 0.352214 0.396425 0.148816 0.071009
12 0.266993 0.367287 0.018023 0.068560
12 0.520597 0.576151 0.035015 0.367777
12 0.651648 0.755387 0.101442 0.036729
12 0.844104 0.573213 0.054840 0.369736
12 0.878991 0.331293 0.050978 0.103330
6 0.425335 0.551665 0.044284 0.085700
6 0.321576 0.746572 0.043769 0.085700
6 0.762487 0.761263 0.063594 0.074927
6 0.546730 0.809500 0.036303 0.067581
6 0.528579 0.882468 0.017508 0.047013
6 0.222322 0.533546 0.012101 0.022037
6 0.226056 0.607493 0.018023 0.025955
6 0.225669 0.700784 0.012101 0.033301
6 0.192842 0.714740 0.019567 0.029873
6 0.238028 0.750245 0.022400 0.032321
6 0.269181 0.533546 0.012101 0.022037
6 0.304454 0.588394 0.012616 0.023017
6 0.362770 0.852351 0.012358 0.019099
6 0.193872 0.765426 0.011843 0.035260
6 0.404737 0.860186 0.012358 0.022037
6 0.432286 0.726494 0.012873 0.023017
6 0.401519 0.750735 0.011586 0.023506
6 0.818229 0.184133 0.025747 0.047013
6 0.821704 0.342801 0.020340 0.027424
12 0.705716 0.247062 0.024202 0.084721
12 0.658857 0.272527 0.019053 0.067091
12 0.667482 0.194907 0.035273 0.037218
12 0.749743 0.194172 0.035530 0.038688
12 0.569387 0.442703 0.035788 0.037218
19 0.272915 0.279138 0.020082 0.039177
19 0.188723 0.658178 0.023172 0.039177
19 0.178811 0.829579 0.020340 0.041136
19 0.220134 0.842801 0.020082 0.036239
19 0.797760 0.301420 0.019825 0.038688
20 0.867405 0.258570 0.025747 0.026445
20 0.868177 0.228452 0.025747 0.025955
11 0.851184 0.186337 0.013903 0.046523
11 0.839212 0.184868 0.008496 0.028893
11 0.818872 0.116797 0.023944 0.024976
11 0.819645 0.144466 0.022400 0.025465
11 0.818100 0.252204 0.023944 0.023506
11 0.819258 0.225759 0.022142 0.026445
6 0.778193 0.434378 0.024459 0.046033
18 0.867147 0.145690 0.008754 0.029873
18 0.843460 0.139569 0.014418 0.014691
18 0.843332 0.154016 0.014161 0.015181
18 0.843847 0.229922 0.013646 0.012243
18 0.843718 0.243144 0.013388 0.012243
18 0.792868 0.348923 0.012616 0.012243
18 0.792739 0.336680 0.012873 0.012243
18 0.802909 0.418952 0.007981 0.024976
18 0.760942 0.344025 0.016220 0.018119
18 0.755793 0.319050 0.014676 0.014202
18 0.756308 0.303624 0.014676 0.015671
18 0.755664 0.275955 0.014418 0.015181
18 0.735067 0.244368 0.015448 0.016650
18 0.731462 0.284280 0.008239 0.027914
18 0.723738 0.298237 0.008754 0.026445
18 0.744078 0.387365 0.010299 0.017630
18 0.778193 0.183888 0.014676 0.015181
18 0.791323 0.654750 0.015705 0.017630
18 0.633496 0.730167 0.014161 0.014691
18 0.634011 0.714740 0.013131 0.016161
18 0.584706 0.750979 0.014418 0.017140
18 0.553939 0.727963 0.007467 0.025955
18 0.545829 0.747062 0.008239 0.028893
18 0.589598 0.790157 0.014933 0.016161
18 0.577111 0.803624 0.014676 0.018609
18 0.573893 0.836925 0.008754 0.029383
18 0.594876 0.837414 0.007467 0.025465
18 0.573120 0.888100 0.008239 0.028893
18 0.550335 0.872184 0.014676 0.017630
18 0.523043 0.774731 0.014676 0.014691
18 0.515963 0.762977 0.016478 0.011753
18 0.333934 0.678991 0.007724 0.028893
18 0.313980 0.684133 0.006952 0.029383
18 0.299047 0.684133 0.006952 0.024486
18 0.302909 0.646915 0.014161 0.014691
18 0.130278 0.617287 0.014418 0.015181
18 0.210608 0.885651 0.013903 0.015181
18 0.179068 0.857738 0.015191 0.017140
18 0.130536 0.560480 0.014933 0.016161
18 0.130278 0.504407 0.015963 0.017630
18 0.130278 0.447600 0.014418 0.016650
18 0.129763 0.399119 0.014933 0.017630
18 0.167868 0.345495 0.007724 0.029873
18 0.160402 0.331783 0.008754 0.027914
18 0.128733 0.242409 0.014418 0.013712
18 0.167096 0.184868 0.007724 0.028893
18 0.160273 0.170911 0.008496 0.029383
18 0.317199 0.306317 0.007209 0.025955
18 0.325180 0.307542 0.007724 0.028404
18 0.336637 0.307786 0.008496 0.027914
18 0.345263 0.307052 0.008239 0.027424
18 0.316555 0.345739 0.008496 0.026445
18 0.325309 0.347209 0.007467 0.027424
18 0.337024 0.345250 0.007724 0.028404
18 0.345005 0.345739 0.007724 0.030362
18 0.369722 0.348188 0.007724 0.025465
18 0.378476 0.348678 0.007724 0.026445
18 0.390062 0.349412 0.007724 0.027914
18 0.398301 0.348188 0.008239 0.025465
20 0.320675 0.326396 0.015705 0.014202
20 0.341272 0.326396 0.015191 0.011263
20 0.374099 0.329334 0.014933 0.012243
20 0.393924 0.330069 0.015963 0.012733
20 0.370237 0.309256 0.008239 0.027914
20 0.378733 0.309500 0.007209 0.025465
20 0.390062 0.310235 0.007724 0.028893
20 0.398687 0.309745 0.007467 0.027914
18 0.540680 0.388100 0.006694 0.027914
18 0.547760 0.388345 0.006437 0.028404
18 0.554068 0.388100 0.006179 0.024976
18 0.560505 0.387365 0.007209 0.030362
18 0.567199 0.388834 0.006694 0.027424
18 0.573893 0.387120 0.005664 0.026934
18 0.580716 0.388100 0.006952 0.027914
18 0.589727 0.386876 0.009526 0.031342
18 0.468460 0.501714 0.011586 0.012243
18 0.467945 0.514936 0.012616 0.012243
18 0.628862 0.219393 0.012616 0.014691
18 0.628605 0.232125 0.013646 0.010774
18 0.628347 0.244123 0.014161 0.012243
18 0.628218 0.257101 0.014418 0.011753
18 0.628347 0.269344 0.014676 0.012733
18 0.628218 0.281587 0.014933 0.011753
18 0.628605 0.294319 0.014676 0.012733
18 0.624614 0.329089 0.014418 0.014691
18 0.624743 0.344270 0.014161 0.015671
18 0.624614 0.360431 0.014933 0.013712
18 0.620881 0.409158 0.010041 0.019099
18 0.616504 0.417728 0.009526 0.019589
18 0.664907 0.325171 0.014161 0.015671
12 0.877446 0.427767 0.013903 0.070029
11 0.251545 0.284525 0.008754 0.028404
11 0.286818 0.336925 0.013388 0.047013
11 0.210736 0.558766 0.007981 0.027424
11 0.232878 0.553379 0.013131 0.014691
11 0.258754 0.552889 0.014933 0.015671
11 0.291066 0.547013 0.014161 0.013712
11 0.274974 0.641038 0.008754 0.029383
11 0.237642 0.645690 0.006694 0.026934
11 0.211123 0.688541 0.013388 0.012733
11 0.184604 0.741185 0.007209 0.025955
11 0.215757 0.729677 0.008239 0.028404
11 0.237770 0.722576 0.015705 0.015181
11 0.209964 0.776934 0.012616 0.013222
11 0.181643 0.788688 0.014161 0.014202
11 0.191555 0.859941 0.008239 0.027424
11 0.226571 0.877816 0.007209 0.028893
11 0.217302 0.814643 0.013388 0.015181
11 0.304325 0.812439 0.006694 0.027424
11 0.317842 0.812684 0.006437 0.027914
11 0.350669 0.835455 0.012358 0.011753
11 0.351442 0.820274 0.012358 0.012733
11 0.377575 0.665034 0.007467 0.027424
11 0.374871 0.727228 0.007209 0.026445
11 0.389032 0.734084 0.013388 0.014691
11 0.389032 0.542360 0.014418 0.013222
11 0.388903 0.528893 0.014676 0.014691
11 0.351571 0.144956 0.007467 0.025465
11 0.372812 0.117777 0.006694 0.026934
11 0.379763 0.115573 0.006179 0.029383
11 0.348481 0.168217 0.014161 0.014202
11 0.343847 0.187561 0.014161 0.013712
11 0.344104 0.201518 0.016220 0.014202
11 0.345520 0.226494 0.015448 0.018119
11 0.366375 0.265671 0.006179 0.025955
11 0.373198 0.266650 0.005922 0.027914
11 0.384655 0.267140 0.006694 0.027914
11 0.391735 0.266895 0.006952 0.028404
11 0.404094 0.267140 0.007981 0.027914
11 0.411432 0.266650 0.007724 0.029873
11 0.427394 0.186092 0.013903 0.014691
11 0.427394 0.200049 0.014933 0.014202
11 0.479016 0.142018 0.006952 0.027424
11 0.462796 0.248041 0.014676 0.016161
11 0.488028 0.366063 0.015705 0.017140
11 0.446704 0.483105 0.006694 0.028893
11 0.440139 0.482615 0.005922 0.027914
11 0.477729 0.507835 0.006952 0.028404
11 0.457775 0.508080 0.006694 0.027914
11 0.461123 0.526690 0.013388 0.011263
11 0.466143 0.538932 0.014161 0.013222
11 0.460736 0.551420 0.015705 0.013712
11 0.441298 0.631734 0.005664 0.021548
11 0.434861 0.632958 0.005664 0.023017
20 0.437693 0.651322 0.013388 0.012733
20 0.417997 0.651322 0.014161 0.012733
20 0.545958 0.895446 0.014161 0.016161
20 0.514032 0.874388 0.007467 0.027914
11 0.495881 0.848188 0.008754 0.028404
11 0.518409 0.841577 0.007981 0.027914
11 0.511200 0.806807 0.013131 0.013222
11 0.557415 0.753673 0.007724 0.026445
11 0.572863 0.780362 0.008239 0.027914
11 0.715113 0.781342 0.015191 0.017140
11 0.659243 0.724535 0.011071 0.023996
11 0.629763 0.669442 0.013388 0.024486
11 0.591272 0.598188 0.012101 0.024976
11 0.581231 0.491185 0.012616 0.014691
11 0.610968 0.427277 0.011329 0.023017
11 0.526133 0.381734 0.013646 0.015181
11 0.651519 0.348433 0.014676 0.027914
11 0.611226 0.261263 0.008754 0.029873
11 0.617405 0.182664 0.015448 0.016650
11 0.567456 0.108717 0.008754 0.029383
11 0.695932 0.323457 0.012873 0.024976
11 0.756952 0.411606 0.012358 0.021058
11 0.787976 0.485309 0.013131 0.025465
11 0.738671 0.376102 0.012873 0.022527
11 0.785659 0.590842 0.013646 0.028893
11 0.775875 0.608717 0.015705 0.030362
11 0.762616 0.634182 0.015963 0.030362
11 0.753605 0.652302 0.013903 0.027424
11 0.716401 0.720862 0.015705 0.031342
11 0.769696 0.675073 0.013131 0.013222
11 0.762101 0.714740 0.014933 0.014202
20 0.592817 0.857738 0.014676 0.016161
20 0.545314 0.719638 0.008239 0.025955
20 0.556385 0.702253 0.014418 0.014691
20 0.568872 0.661361 0.014676 0.018119
11 0.326468 0.679236 0.006694 0.029383
18 0.199665 0.627571 0.014161 0.015181
20 0.154480 0.404016 0.012358 0.027424
20 0.196318 0.543340 0.012616 0.023996
20 0.170443 0.609452 0.011843 0.023996
20 0.187178 0.611655 0.011843 0.023506
20 0.200566 0.605779 0.011329 0.021548
20 0.210865 0.582517 0.010299 0.020078
20 0.237384 0.623653 0.009784 0.018119
20 0.227600 0.652791 0.011329 0.021548
20 0.233265 0.668707 0.010814 0.019099
20 0.248841 0.643732 0.014161 0.025955
20 0.265834 0.671645 0.011586 0.023017
20 0.251674 0.673604 0.013131 0.026934
20 0.253347 0.712047 0.013903 0.026445
20 0.281025 0.504652 0.013131 0.025955
20 0.279222 0.588149 0.013131 0.027424
20 0.300721 0.559256 0.010299 0.019589
20 0.315268 0.538198 0.013131 0.025465
20 0.329686 0.514936 0.009526 0.019099
20 0.332518 0.564887 0.013131 0.025955
20 0.332647 0.630509 0.012873 0.024976
20 0.286818 0.721596 0.012358 0.020078
20 0.286946 0.742654 0.013646 0.023996
20 0.289650 0.765181 0.014418 0.023996
20 0.274588 0.792116 0.010556 0.018119
20 0.201982 0.830313 0.013131 0.023996
20 0.204042 0.855779 0.013131 0.024976
20 0.285273 0.800441 0.011843 0.023996
20 0.295700 0.788688 0.012616 0.023017
20 0.340757 0.146670 0.012616 0.024976
20 0.357750 0.115573 0.014161 0.025465
20 0.394567 0.102595 0.012616 0.023996
20 0.456617 0.155485 0.013131 0.026934
20 0.458419 0.180460 0.012101 0.023017
20 0.494078 0.130999 0.011329 0.022037
20 0.443229 0.215230 0.013646 0.025955
20 0.446447 0.279628 0.013388 0.027424
20 0.442327 0.326885 0.011843 0.023996
20 0.459320 0.400098 0.018538 0.055828
20 0.585736 0.362880 0.011329 0.020568
20 0.603244 0.384672 0.011843 0.024976
20 0.594619 0.447845 0.013646 0.023996
20 0.574794 0.473310 0.012616 0.024976
20 0.466272 0.573457 0.011843 0.022527
20 0.587667 0.654016 0.013131 0.023996
20 0.552652 0.681929 0.012616 0.024976
20 0.585865 0.720372 0.012616 0.025465
20 0.571962 0.733350 0.012616 0.025955
20 0.497168 0.575171 0.011329 0.023996
20 0.390448 0.596964 0.011586 0.023506
20 0.398429 0.613369 0.012101 0.026934
20 0.403321 0.682419 0.012101 0.023996
20 0.351056 0.630999 0.012616 0.023996
20 0.365216 0.622429 0.010041 0.018609
20 0.455458 0.669197 0.012873 0.024976
20 0.367662 0.664300 0.012358 0.023996
20 0.368048 0.693683 0.013131 0.025955
20 0.346679 0.694172 0.012616 0.023017
20 0.350026 0.774486 0.012101 0.022037
20 0.348610 0.795054 0.011329 0.023996
20 0.451210 0.695397 0.010556 0.017630
20 0.430484 0.766405 0.010299 0.019589
20 0.388002 0.797992 0.012358 0.024976
20 0.403064 0.792605 0.012616 0.025955
20 0.446704 0.768609 0.012873 0.023996
20 0.459063 0.794809 0.010814 0.019589
20 0.431900 0.814398 0.013131 0.026445
20 0.375257 0.850881 0.009526 0.019099
20 0.386843 0.860186 0.013646 0.023996
20 0.396112 0.884182 0.008496 0.018119
20 0.396756 0.838883 0.009784 0.017630
20 0.389933 0.702742 0.010041 0.021548
20 0.563465 0.888100 0.011586 0.024976
20 0.584449 0.835945 0.012873 0.023506
20 0.640705 0.218168 0.012616 0.023017
20 0.673018 0.227228 0.012358 0.022527
20 0.624743 0.310970 0.013131 0.023506
20 0.641478 0.294074 0.013131 0.023996
20 0.639418 0.321499 0.012616 0.023996
20 0.635942 0.387855 0.012873 0.025465
20 0.745237 0.288198 0.013131 0.025955
20 0.728244 0.323947 0.012616 0.023017
20 0.728115 0.347943 0.012873 0.023017
20 0.773043 0.398139 0.012616 0.024486
20 0.802652 0.392997 0.013131 0.023996
20 0.795958 0.506366 0.013131 0.025465
20 0.652678 0.703967 0.012873 0.023996
20 0.744464 0.672625 0.013131 0.024976
20 0.719490 0.753428 0.013646 0.024976
20 0.802394 0.750490 0.013646 0.023996
24 0.149717 0.175318 0.011071 0.050930
24 0.140191 0.255142 0.011586 0.028404
24 0.152163 0.337659 0.011329 0.034770
24 0.194387 0.246082 0.044799 0.344270
24 0.230690 0.246572 0.025747 0.339373
24 0.263388 0.420666 0.028321 0.022527
24 0.299305 0.163565 0.014161 0.019589
24 0.434217 0.113369 0.042482 0.035749
24 0.356977 0.349412 0.011071 0.018119
24 0.637230 0.171156 0.010814 0.018119
24 0.637230 0.190500 0.014933 0.020568
24 0.642122 0.241430 0.010299 0.019589
24 0.642379 0.262488 0.013388 0.017630
24 0.658599 0.066112 0.015448 0.018609
24 0.694773 0.066357 0.045572 0.018119
24 0.718074 0.161361 0.013388 0.018119
24 0.718332 0.181440 0.015448 0.019099
24 0.676622 0.262977 0.011329 0.028404
24 0.687822 0.262488 0.009526 0.068560
24 0.140577 0.415524 0.010299 0.031832
24 0.141092 0.476249 0.011843 0.023017
24 0.141220 0.529383 0.011071 0.034280
24 0.141220 0.584721 0.010556 0.023506
24 0.141349 0.641773 0.011329 0.021058
24 0.478115 0.397894 0.014418 0.020078
24 0.478244 0.417483 0.015191 0.021058
24 0.566684 0.409158 0.015963 0.018119
24 0.543126 0.584476 0.010041 0.030852
6 0.686663 0.529628 0.193100 0.365818
24 0.805870 0.583741 0.008754 0.036239
24 0.124871 0.690989 0.009784 0.029383
24 0.136843 0.690255 0.012616 0.070029
24 0.635170 0.781832 0.016993 0.020078
24 0.665294 0.783056 0.031411 0.020568
24 0.713182 0.913320 0.248198 0.037218
24 0.175978 0.067336 0.009011 0.022037
24 0.222065 0.067826 0.008496 0.020078
24 0.387616 0.183399 0.035273 0.060235
24 0.540165 0.250979 0.077755 0.102351
24 0.687178 0.554603 0.081874 0.153281
24 0.423919 0.552889 0.028064 0.047013
24 0.528064 0.883692 0.012358 0.033790
24 0.548146 0.809011 0.021112 0.034280
20 0.208290 0.749021 0.009784 0.019099
20 0.827240 0.060480 0.020597 0.041626
