24 0.071840 0.023322 0.016904 0.022615
17 0.095083 0.036042 0.026508 0.025442
18 0.097003 0.058657 0.016519 0.014134
18 0.101614 0.086572 0.008068 0.031802
24 0.084902 0.078799 0.019977 0.019081
24 0.113331 0.083746 0.009220 0.041696
24 0.137918 0.028269 0.019209 0.022615
16 0.137726 0.072438 0.031886 0.053004
11 0.192662 0.050530 0.054168 0.050177
24 0.229927 0.044170 0.011909 0.050177
24 0.067806 0.138163 0.009604 0.043110
24 0.068383 0.182686 0.009988 0.043110
18 0.079139 0.120495 0.007683 0.031802
18 0.079139 0.157244 0.007683 0.031802
6 0.111794 0.157244 0.039954 0.078445
11 0.148098 0.140283 0.014983 0.068551
24 0.163849 0.145230 0.011909 0.048763
24 0.144257 0.189046 0.024971 0.021908
11 0.088744 0.200353 0.016904 0.016254
11 0.127929 0.220495 0.039186 0.033922
24 0.072224 0.220495 0.021514 0.016961
24 0.091817 0.237456 0.023819 0.019788
24 0.024203 0.184806 0.013830 0.033216
24 0.048022 0.189399 0.013062 0.021201
24 0.071648 0.283392 0.012678 0.035336
24 0.165194 0.226502 0.013830 0.034629
24 0.182482 0.149117 0.012294 0.049470
11 0.184403 0.203534 0.009988 0.046643
24 0.194007 0.101413 0.010757 0.040283
24 0.205724 0.102120 0.009604 0.041696
24 0.215521 0.102120 0.009988 0.040283
18 0.195159 0.143816 0.007683 0.031802
18 0.205916 0.143816 0.007683 0.030389
11 0.216673 0.143463 0.007683 0.031095
6 0.203227 0.203887 0.019977 0.054417
24 0.228774 0.147350 0.011141 0.045936
24 0.241260 0.147350 0.011525 0.045936
24 0.249136 0.192580 0.009604 0.043110
11 0.223012 0.203534 0.011909 0.048057
11 0.236650 0.202827 0.008452 0.032509
16 0.137149 0.319788 0.079139 0.144876
12 0.033807 0.342756 0.051479 0.274205
24 0.024011 0.498940 0.014214 0.021201
24 0.048022 0.495760 0.013830 0.012014
24 0.091049 0.336042 0.009988 0.041696
24 0.077987 0.362544 0.010757 0.042403
24 0.067422 0.447703 0.010373 0.043110
18 0.079524 0.411661 0.008452 0.031802
18 0.079332 0.449117 0.008068 0.031802
18 0.091433 0.378799 0.008452 0.032509
6 0.111218 0.446996 0.039570 0.075618
11 0.087015 0.491519 0.017288 0.014841
24 0.078179 0.513781 0.022666 0.019788
11 0.148675 0.431095 0.015367 0.069258
11 0.129274 0.512014 0.039570 0.036042
24 0.164618 0.422968 0.011141 0.050177
24 0.167115 0.497527 0.026892 0.022615
24 0.176719 0.434629 0.012294 0.048057
11 0.209758 0.277032 0.053016 0.048057
11 0.209758 0.331802 0.053016 0.047350
24 0.242605 0.273498 0.008836 0.042403
24 0.242797 0.331802 0.009988 0.044523
18 0.254514 0.277385 0.008068 0.030389
18 0.264118 0.277385 0.008068 0.030389
18 0.273338 0.276678 0.008068 0.030389
18 0.282559 0.277385 0.008068 0.030389
18 0.292547 0.277385 0.008068 0.030389
18 0.302151 0.277385 0.008068 0.030389
18 0.311371 0.276678 0.008068 0.030389
18 0.320976 0.276678 0.008068 0.030389
11 0.330964 0.276678 0.007299 0.031802
11 0.304072 0.115901 0.026508 0.097527
24 0.326546 0.103180 0.010757 0.050883
24 0.336535 0.036749 0.021514 0.019788
11 0.362082 0.045230 0.016519 0.015548
11 0.375144 0.115194 0.027276 0.097527
24 0.351902 0.103887 0.012294 0.048057
24 0.253938 0.234982 0.009988 0.041696
24 0.263542 0.234982 0.009220 0.041696
24 0.273146 0.234276 0.009220 0.041696
24 0.282751 0.234629 0.009220 0.040989
24 0.292739 0.234276 0.009220 0.040283
24 0.301383 0.234982 0.009604 0.043110
24 0.310795 0.232862 0.009220 0.038869
24 0.320784 0.233216 0.009988 0.039576
24 0.330196 0.235689 0.008836 0.038869
24 0.349981 0.278445 0.009988 0.040989
11 0.340184 0.270671 0.004994 0.015548
24 0.349212 0.339929 0.009988 0.040989
11 0.340569 0.337809 0.004994 0.015548
24 0.382059 0.307067 0.021129 0.019081
18 0.384364 0.285512 0.018056 0.015548
19 0.384556 0.238516 0.027660 0.058657
24 0.360930 0.242403 0.011909 0.026855
24 0.463888 0.038869 0.135613 0.053710
6 0.449673 0.083746 0.114099 0.028975
11 0.400499 0.120495 0.008836 0.010601
24 0.417019 0.113428 0.018824 0.019081
6 0.482904 0.121201 0.095275 0.030389
24 0.510949 0.152650 0.148290 0.031095
20 0.430465 0.257951 0.026508 0.097527
24 0.451210 0.226148 0.010373 0.049470
24 0.468882 0.245230 0.013446 0.050883
11 0.461583 0.326502 0.026508 0.097527
18 0.493853 0.366431 0.016519 0.016254
6 0.493853 0.328269 0.024203 0.045936
24 0.492317 0.292933 0.020361 0.017668
24 0.492893 0.272085 0.024587 0.021201
24 0.521514 0.245230 0.012678 0.048057
24 0.546869 0.244523 0.012678 0.048057
24 0.571456 0.244170 0.012678 0.048763
24 0.596427 0.237809 0.025740 0.021908
24 0.622935 0.237102 0.011909 0.047350
24 0.627545 0.309894 0.009604 0.040283
24 0.594122 0.031095 0.021898 0.019788
11 0.522090 0.328269 0.026124 0.096820
11 0.550711 0.328622 0.025740 0.097527
11 0.579524 0.328975 0.026508 0.096820
20 0.607760 0.327915 0.026124 0.096113
11 0.626777 0.360777 0.008068 0.030389
18 0.620246 0.033216 0.016519 0.014134
17 0.642720 0.033216 0.020745 0.016961
24 0.668459 0.032862 0.017672 0.023322
24 0.666347 0.094700 0.013446 0.055124
24 0.626969 0.182686 0.023050 0.021908
24 0.668844 0.213428 0.017672 0.021201
10 0.633884 0.115548 0.046869 0.101060
6 0.667499 0.300000 0.058778 0.142049
12 0.797733 0.083392 0.166347 0.124382
24 0.884172 0.102827 0.010373 0.036042
12 0.848252 0.301413 0.302728 0.341343
24 0.768728 0.298587 0.033807 0.236749
24 0.802343 0.294346 0.017288 0.222615
24 0.839416 0.296466 0.029965 0.198587
24 0.117365 0.561837 0.009604 0.040989
24 0.116596 0.604947 0.010373 0.040989
24 0.137726 0.555477 0.009604 0.039576
18 0.129466 0.594346 0.007683 0.031095
18 0.130042 0.631095 0.008068 0.031095
18 0.150211 0.561484 0.008452 0.031802
6 0.159816 0.629329 0.040722 0.077032
16 0.186131 0.544523 0.031886 0.051590
24 0.212255 0.533569 0.011909 0.035336
11 0.196120 0.613074 0.014983 0.068551
24 0.212063 0.601767 0.010757 0.043110
24 0.212639 0.663958 0.011141 0.047350
24 0.225125 0.577385 0.011525 0.049470
24 0.225509 0.670318 0.010757 0.047350
11 0.241836 0.678445 0.016519 0.069258
11 0.242028 0.595760 0.016904 0.070671
24 0.225125 0.422261 0.011525 0.041696
24 0.224549 0.490106 0.011141 0.048763
11 0.241260 0.408481 0.015367 0.069258
11 0.241644 0.492580 0.016135 0.069258
7 0.203803 0.385512 0.034960 0.017668
24 0.201306 0.414841 0.026124 0.024028
18 0.254514 0.345230 0.007299 0.031802
18 0.264118 0.345936 0.007299 0.031802
18 0.273723 0.345230 0.007299 0.031802
18 0.283327 0.345936 0.007299 0.031802
18 0.292931 0.345936 0.007299 0.031802
18 0.302536 0.345230 0.007299 0.031802
18 0.311756 0.345230 0.007299 0.031802
18 0.321744 0.345230 0.007299 0.031802
18 0.331348 0.344523 0.007299 0.031802
6 0.326162 0.450177 0.134460 0.161131
6 0.325778 0.636042 0.134460 0.161131
24 0.404725 0.456890 0.011141 0.041696
24 0.405109 0.643110 0.011141 0.049470
11 0.426239 0.446996 0.025740 0.098233
24 0.418363 0.529682 0.011525 0.048763
24 0.417595 0.701060 0.012294 0.048057
11 0.426239 0.621201 0.025740 0.097527
6 0.528813 0.534276 0.163273 0.298233
11 0.629850 0.449117 0.026508 0.096820
24 0.651364 0.437102 0.011909 0.045936
11 0.621975 0.510247 0.016135 0.015548
24 0.644641 0.511307 0.020745 0.017668
24 0.616596 0.533569 0.009220 0.024028
11 0.621975 0.560777 0.016135 0.014841
24 0.643488 0.557244 0.019977 0.019081
11 0.629466 0.619788 0.026508 0.097527
24 0.653861 0.684806 0.012294 0.046643
7 0.654821 0.621908 0.008836 0.063604
24 0.668459 0.675265 0.012294 0.050177
24 0.670765 0.394700 0.015367 0.017668
24 0.688436 0.423675 0.009220 0.028975
24 0.669612 0.470318 0.014599 0.016254
18 0.673454 0.416254 0.016135 0.014134
18 0.673454 0.433216 0.016135 0.014134
18 0.673454 0.450883 0.016135 0.014134
24 0.666731 0.523322 0.011909 0.033216
6 0.688244 0.511307 0.024203 0.053004
24 0.682482 0.555830 0.010373 0.028975
18 0.695159 0.558304 0.008068 0.031095
24 0.674798 0.617314 0.011909 0.034629
16 0.691510 0.619435 0.013830 0.062898
24 0.701882 0.471378 0.014599 0.021201
16 0.731464 0.472085 0.033039 0.025442
11 0.765079 0.472792 0.024971 0.019788
24 0.790818 0.484099 0.021898 0.024028
6 0.746638 0.579152 0.081060 0.149117
24 0.797541 0.549823 0.011525 0.032509
24 0.692470 0.680565 0.011141 0.032509
6 0.713023 0.689399 0.025355 0.045936
18 0.738763 0.680565 0.016904 0.014134
24 0.758548 0.679505 0.014983 0.020495
24 0.657318 0.746643 0.023819 0.023322
22 0.654437 0.784452 0.037265 0.049470
6 0.686131 0.779859 0.013830 0.024735
24 0.685363 0.810954 0.017672 0.021908
11 0.683442 0.740283 0.008452 0.010601
24 0.702075 0.737809 0.021129 0.019788
6 0.754706 0.749117 0.053400 0.098940
24 0.717633 0.775972 0.012294 0.032509
24 0.823473 0.503180 0.018056 0.022615
11 0.855551 0.504594 0.036112 0.029682
11 0.907799 0.504594 0.052247 0.048057
24 0.942950 0.513781 0.011141 0.026855
18 0.870342 0.551943 0.015751 0.015548
24 0.888398 0.548763 0.014983 0.017668
6 0.865732 0.612367 0.044948 0.084099
24 0.898579 0.578445 0.016135 0.019081
11 0.898194 0.598940 0.007683 0.010601
24 0.894161 0.632862 0.010373 0.026148
11 0.905109 0.629682 0.003842 0.014134
24 0.916250 0.613074 0.009988 0.027562
24 0.934883 0.596820 0.011141 0.031802
12 0.936420 0.703887 0.065693 0.179505
24 0.828467 0.601767 0.014214 0.017668
24 0.815597 0.618728 0.014599 0.019081
11 0.833846 0.625088 0.008068 0.010601
11 0.834422 0.637456 0.007683 0.008481
24 0.808490 0.634982 0.014983 0.017668
24 0.808106 0.653357 0.015751 0.016254
18 0.827123 0.651943 0.016135 0.014841
11 0.816750 0.673852 0.016904 0.014841
11 0.828659 0.673145 0.004610 0.014841
11 0.835574 0.673145 0.005378 0.016254
11 0.852670 0.673852 0.024203 0.020495
24 0.793123 0.668551 0.015751 0.018375
24 0.787169 0.685866 0.027660 0.019081
24 0.881099 0.667491 0.028813 0.019081
24 0.798502 0.714134 0.010373 0.038869
18 0.810603 0.713781 0.007683 0.033922
6 0.840569 0.738163 0.043027 0.079859
24 0.871879 0.768198 0.011141 0.032509
3 0.886285 0.710601 0.028429 0.064311
24 0.892624 0.757951 0.012678 0.019081
11 0.799270 0.749117 0.024971 0.019788
24 0.798502 0.777032 0.025740 0.021908
24 0.828851 0.795760 0.014983 0.019788
20 0.848444 0.795760 0.016519 0.016961
20 0.911256 0.801767 0.016135 0.014841
24 0.910680 0.822968 0.014983 0.019081
24 0.929312 0.839929 0.013062 0.019081
18 0.933154 0.813428 0.016904 0.014134
24 0.887245 0.792226 0.013446 0.015548
20 0.062428 0.709187 0.087975 0.238163
24 0.061660 0.817668 0.011909 0.031095
11 0.138110 0.684099 0.016519 0.015548
24 0.136573 0.706360 0.021898 0.017668
16 0.185939 0.754064 0.032270 0.053710
24 0.213023 0.754064 0.011909 0.035336
11 0.196888 0.821555 0.015751 0.067138
24 0.212831 0.815901 0.011525 0.047350
18 0.150595 0.768551 0.007683 0.031802
24 0.138878 0.762191 0.008836 0.041696
24 0.129850 0.761484 0.009220 0.041696
18 0.131387 0.802120 0.007683 0.031095
18 0.131387 0.839576 0.007683 0.032509
24 0.118709 0.838869 0.010757 0.042403
6 0.160200 0.837102 0.040722 0.075618
24 0.193046 0.869965 0.024971 0.021201
24 0.110257 0.881625 0.019977 0.020495
11 0.133884 0.880565 0.017288 0.015548
11 0.176527 0.902473 0.039570 0.035336
24 0.208990 0.906007 0.012294 0.046643
24 0.096043 0.904947 0.026892 0.021908
11 0.111218 0.949117 0.053400 0.050883
3 0.176335 0.954770 0.051479 0.057951
24 0.212255 0.969258 0.018056 0.027562
24 0.213408 0.711661 0.026508 0.022615
11 0.176143 0.693640 0.039570 0.034629
12 0.251249 0.874558 0.019209 0.120848
24 0.296965 0.816961 0.011525 0.042403
24 0.297733 0.879505 0.010757 0.028975
24 0.297349 0.937809 0.011525 0.042403
24 0.262774 0.963604 0.029965 0.024735
24 0.331541 0.844876 0.032270 0.082686
24 0.324049 0.937102 0.023434 0.087633
24 0.368613 0.767845 0.010373 0.040283
24 0.380138 0.756184 0.010373 0.039576
11 0.372647 0.801413 0.005378 0.014134
11 0.380330 0.796466 0.008452 0.031095
24 0.463119 0.954064 0.204764 0.046643
11 0.376489 0.881979 0.026124 0.097527
24 0.397618 0.880565 0.010757 0.049470
24 0.438148 0.774205 0.044180 0.081272
24 0.465040 0.866784 0.036496 0.071378
24 0.480983 0.774912 0.012294 0.047350
11 0.491548 0.724028 0.011141 0.047350
18 0.537457 0.883039 0.016904 0.016254
24 0.558010 0.880212 0.020361 0.017668
16 0.507876 0.727562 0.013830 0.061484
24 0.496350 0.783746 0.012294 0.035336
24 0.509220 0.790813 0.011141 0.033922
16 0.525355 0.775618 0.014214 0.064311
11 0.567038 0.742403 0.026124 0.098233
11 0.595467 0.742403 0.026892 0.098233
24 0.569151 0.819435 0.011909 0.041696
24 0.590473 0.820141 0.012294 0.044523
24 0.542259 0.783039 0.011141 0.033922
16 0.541875 0.729682 0.013446 0.062898
11 0.530158 0.716608 0.005378 0.015548
24 0.528813 0.834276 0.010373 0.040283
24 0.517864 0.834276 0.009988 0.040283
11 0.522282 0.719788 0.007299 0.031802
24 0.603919 0.862898 0.011525 0.048057
24 0.665386 0.864311 0.013830 0.056537
24 0.599308 0.961131 0.018440 0.019788
24 0.669804 0.959364 0.016519 0.021908
18 0.621398 0.960424 0.016519 0.015548
17 0.646177 0.961484 0.021514 0.019081
10 0.635036 0.879152 0.049942 0.111661
24 0.725125 0.906714 0.011909 0.050883
24 0.778525 0.907420 0.011141 0.056537
24 0.832693 0.905654 0.011909 0.043110
20 0.739147 0.907420 0.009220 0.063604
20 0.793123 0.906360 0.008836 0.065724
20 0.846331 0.907067 0.009988 0.067138
24 0.744526 0.840283 0.010757 0.009894
24 0.797925 0.839929 0.009988 0.009187
24 0.851325 0.840283 0.009988 0.011307
24 0.764695 0.827208 0.025740 0.023322
24 0.814637 0.824028 0.025740 0.022615
24 0.868805 0.823322 0.022666 0.024028
7 0.762966 0.933216 0.027660 0.092580
7 0.816558 0.929682 0.030350 0.089753
7 0.872263 0.886926 0.031118 0.093286
12 0.759892 0.865724 0.024587 0.045230
12 0.812908 0.863251 0.026124 0.045936
12 0.867845 0.953004 0.024587 0.040283
7 0.596811 0.213781 0.034191 0.017668
24 0.931425 0.143463 0.013446 0.014134
24 0.259316 0.080565 0.043027 0.077739
24 0.282559 0.792580 0.049558 0.054417
24 0.137726 0.069965 0.014983 0.035336
24 0.111026 0.156890 0.019209 0.040989
24 0.136573 0.309894 0.021898 0.096820
24 0.382251 0.237456 0.013062 0.015548
24 0.866308 0.613074 0.028429 0.053004
24 0.746831 0.579859 0.056857 0.113781
24 0.530542 0.537809 0.100653 0.271378
24 0.383212 0.492226 0.012678 0.058657
24 0.383212 0.679859 0.011909 0.056537
24 0.291779 0.467845 0.028045 0.049470
24 0.292739 0.652297 0.028429 0.048057
24 0.339800 0.461131 0.051095 0.065724
24 0.339224 0.648410 0.046869 0.064311
24 0.185555 0.543816 0.013062 0.036042
24 0.158663 0.630389 0.018440 0.040989
24 0.110642 0.447350 0.019209 0.042403
24 0.186323 0.753710 0.013062 0.037456
24 0.159431 0.837456 0.018440 0.040989
24 0.655782 0.785159 0.014599 0.014134
