24 0.027238 0.202712 0.010286 0.042034
24 0.027048 0.247797 0.010667 0.041356
20 0.031048 0.289153 0.008000 0.031864
20 0.031238 0.326441 0.007619 0.030508
18 0.049905 0.180339 0.016762 0.014915
24 0.049143 0.158983 0.019810 0.019661
24 0.051619 0.217966 0.011048 0.040000
20 0.051429 0.258644 0.009143 0.030508
24 0.063810 0.252203 0.011048 0.046102
20 0.061143 0.324068 0.041524 0.074576
3 0.136571 0.197966 0.034667 0.055593
24 0.152952 0.238983 0.017143 0.019661
24 0.146667 0.257966 0.022857 0.019661
11 0.136381 0.240678 0.008381 0.008136
3 0.158476 0.318644 0.031238 0.062373
24 0.186095 0.315254 0.012571 0.033898
24 0.162286 0.115932 0.012190 0.048814
18 0.175619 0.116610 0.007619 0.033898
19 0.202286 0.116610 0.029714 0.061017
24 0.201143 0.072203 0.018286 0.023729
24 0.213333 0.157627 0.017524 0.021017
19 0.237333 0.158983 0.028952 0.060339
11 0.212762 0.196610 0.027048 0.018983
24 0.184571 0.204746 0.022476 0.020339
24 0.184762 0.256949 0.024381 0.021695
11 0.183810 0.230847 0.025524 0.018305
18 0.236762 0.115593 0.019429 0.014237
24 0.243238 0.081356 0.012571 0.046102
24 0.257143 0.060000 0.012190 0.049492
22 0.266667 0.119322 0.025905 0.063729
24 0.278667 0.065763 0.011810 0.047458
24 0.276762 0.029153 0.022476 0.018983
18 0.301333 0.034576 0.017524 0.017627
24 0.316000 0.052203 0.013333 0.018983
24 0.405524 0.044068 0.015619 0.023051
24 0.408952 0.194576 0.014857 0.020339
24 0.076190 0.248475 0.011429 0.048136
20 0.099429 0.265424 0.033524 0.052203
20 0.043619 0.391186 0.008000 0.031186
24 0.032381 0.388136 0.009905 0.040000
18 0.045524 0.422034 0.026286 0.019661
11 0.063619 0.421695 0.009143 0.010847
24 0.048762 0.444407 0.022095 0.018305
24 0.052762 0.462373 0.022476 0.018983
20 0.089333 0.353898 0.008762 0.031186
24 0.089143 0.313220 0.009905 0.037966
20 0.105143 0.349831 0.016762 0.069153
20 0.073905 0.391525 0.041143 0.034576
24 0.129714 0.403051 0.027048 0.023729
24 0.127429 0.426441 0.026286 0.021695
18 0.032000 0.524407 0.009143 0.034576
24 0.032190 0.481017 0.010286 0.041356
24 0.058286 0.523729 0.012952 0.033220
24 0.128381 0.490847 0.023619 0.018983
11 0.104571 0.491864 0.017905 0.015593
18 0.131429 0.524068 0.018286 0.013559
24 0.109143 0.528136 0.021714 0.021695
21 0.125714 0.321017 0.016762 0.149831
21 0.224762 0.317288 0.044190 0.237288
21 0.264000 0.235254 0.016000 0.073220
21 0.264571 0.400678 0.017905 0.074576
11 0.187048 0.404746 0.025143 0.020339
24 0.186667 0.376271 0.027429 0.021695
11 0.214095 0.436949 0.025905 0.019661
24 0.243810 0.446780 0.026667 0.023051
24 0.268381 0.163729 0.024000 0.019661
18 0.259429 0.185763 0.017524 0.013559
24 0.317524 0.184407 0.013333 0.014915
11 0.298095 0.198644 0.017905 0.013559
24 0.308190 0.219661 0.019810 0.018983
24 0.283810 0.234576 0.026667 0.020339
18 0.283810 0.255932 0.019048 0.014237
18 0.320000 0.265085 0.016000 0.014915
18 0.312571 0.248136 0.017143 0.014915
24 0.335429 0.231186 0.023238 0.020339
24 0.342857 0.251186 0.022857 0.019661
19 0.281905 0.301356 0.031238 0.053559
19 0.293143 0.367119 0.035429 0.053559
24 0.258667 0.303390 0.011429 0.033220
24 0.264571 0.343729 0.012571 0.031186
24 0.324000 0.291864 0.022476 0.018305
11 0.305905 0.291864 0.008381 0.010169
24 0.320762 0.326102 0.020571 0.018983
18 0.322286 0.348475 0.016762 0.016271
18 0.322667 0.371186 0.019810 0.011525
24 0.312571 0.396610 0.023238 0.020339
24 0.346667 0.313898 0.010667 0.040678
24 0.357333 0.313898 0.010667 0.040678
24 0.367238 0.313898 0.009143 0.044746
24 0.376381 0.314237 0.009905 0.050847
24 0.386286 0.312881 0.009905 0.050847
24 0.395810 0.312203 0.009905 0.050847
24 0.405333 0.310847 0.009905 0.050847
24 0.415238 0.310847 0.009905 0.050847
24 0.425905 0.309492 0.009905 0.050847
24 0.435429 0.311525 0.009905 0.050847
24 0.445333 0.308814 0.009905 0.050847
24 0.454476 0.310847 0.009905 0.050847
24 0.464381 0.311525 0.009905 0.050847
24 0.473905 0.311525 0.009905 0.050847
24 0.483429 0.310847 0.009905 0.050847
24 0.492952 0.287797 0.009905 0.050847
24 0.503238 0.314576 0.009143 0.047458
24 0.511619 0.313898 0.009143 0.047458
24 0.544190 0.336949 0.011048 0.059661
11 0.347429 0.365085 0.007619 0.030508
11 0.357333 0.365085 0.007619 0.030508
11 0.367238 0.365085 0.007619 0.030508
11 0.376762 0.365763 0.007619 0.030508
11 0.386667 0.364407 0.007619 0.030508
20 0.396381 0.364068 0.007238 0.031186
11 0.406476 0.364407 0.007619 0.030508
11 0.416000 0.364407 0.007619 0.030508
11 0.425524 0.364407 0.007619 0.030508
11 0.435429 0.363729 0.007619 0.030508
20 0.444762 0.364068 0.007238 0.031186
20 0.464571 0.363390 0.008000 0.032542
20 0.503810 0.362712 0.008000 0.032542
11 0.454857 0.363729 0.007619 0.030508
11 0.474286 0.363729 0.007619 0.030508
11 0.483810 0.363051 0.007619 0.030508
11 0.493714 0.363729 0.007619 0.030508
11 0.513524 0.363729 0.007619 0.030508
11 0.526667 0.341695 0.016381 0.069153
24 0.493714 0.408136 0.010667 0.046102
24 0.501905 0.040000 0.015619 0.020339
24 0.509333 0.194576 0.012952 0.020339
24 0.603048 0.043390 0.016000 0.020339
24 0.710286 0.047119 0.029333 0.026441
24 0.657905 0.207119 0.153905 0.061695
12 0.505714 0.119322 0.443048 0.116610
24 0.591048 0.375593 0.027810 0.017627
11 0.611810 0.375593 0.009143 0.010847
11 0.625905 0.388814 0.004571 0.015593
11 0.650857 0.337627 0.005714 0.016271
11 0.657714 0.374915 0.008000 0.012203
11 0.657905 0.391525 0.009143 0.010169
11 0.642095 0.393559 0.008762 0.008814
11 0.630857 0.410169 0.008381 0.009492
11 0.615619 0.423729 0.009143 0.009492
11 0.676952 0.410847 0.009905 0.010847
11 0.719238 0.373559 0.009143 0.010847
11 0.703810 0.373898 0.008762 0.010169
11 0.749905 0.333898 0.005714 0.015593
24 0.626286 0.349492 0.010667 0.050847
24 0.640571 0.338983 0.011048 0.051525
24 0.679810 0.372542 0.027810 0.016949
24 0.679048 0.391186 0.027810 0.017627
24 0.709333 0.391186 0.028952 0.016271
24 0.741333 0.373559 0.029714 0.018983
24 0.698095 0.412881 0.028571 0.018983
24 0.594476 0.425085 0.027810 0.018983
24 0.630286 0.446441 0.010286 0.049492
24 0.541524 0.392203 0.009524 0.022373
24 0.652190 0.411864 0.027429 0.018305
24 0.573905 0.407797 0.022476 0.019661
24 0.680000 0.303051 0.009143 0.036610
24 0.689714 0.303051 0.009524 0.037966
24 0.699048 0.304407 0.009905 0.035254
24 0.708762 0.303390 0.008762 0.038644
24 0.718476 0.303051 0.009905 0.037966
24 0.729143 0.302712 0.009143 0.038644
24 0.739048 0.303051 0.009905 0.037966
24 0.749714 0.300339 0.009905 0.039322
18 0.680381 0.343729 0.007619 0.029831
18 0.689905 0.343729 0.007619 0.029831
18 0.700000 0.343390 0.008000 0.030508
18 0.709524 0.343051 0.008000 0.032542
18 0.718857 0.342034 0.007619 0.031864
18 0.728762 0.342712 0.007619 0.030508
18 0.739048 0.342712 0.009143 0.031864
3 0.798476 0.049831 0.054095 0.058983
24 0.799238 0.092881 0.018286 0.023051
24 0.803619 0.147797 0.030095 0.018983
11 0.804381 0.168136 0.008762 0.010847
11 0.868762 0.051186 0.054476 0.048136
24 0.869333 0.096271 0.036571 0.023051
24 0.901905 0.138305 0.011048 0.040678
18 0.901714 0.097288 0.008381 0.031864
24 0.940381 0.139661 0.042286 0.085424
21 0.960952 0.337288 0.043810 0.252881
11 0.901905 0.209831 0.017143 0.014237
11 0.898476 0.224746 0.008762 0.008814
24 0.872952 0.206780 0.029333 0.018983
24 0.872952 0.226441 0.029333 0.018983
24 0.897524 0.292203 0.042667 0.096271
18 0.905714 0.372542 0.008762 0.030508
24 0.905333 0.412881 0.011048 0.039322
12 0.098476 0.664746 0.155048 0.251525
24 0.041524 0.656610 0.012190 0.053559
24 0.115048 0.623051 0.025905 0.154576
24 0.179810 0.553220 0.009905 0.040678
24 0.180000 0.600678 0.010286 0.040678
24 0.190286 0.529153 0.011048 0.040000
24 0.203810 0.484746 0.009905 0.039322
24 0.220381 0.480000 0.010286 0.040678
24 0.230476 0.483390 0.009905 0.036610
24 0.246476 0.482712 0.010667 0.039322
24 0.257143 0.482712 0.009905 0.040678
24 0.295429 0.480000 0.011048 0.039322
24 0.291048 0.536610 0.021333 0.019661
24 0.290857 0.578644 0.021714 0.019661
24 0.290667 0.604407 0.021333 0.018305
24 0.314857 0.585763 0.012571 0.047458
24 0.278857 0.637966 0.021333 0.017627
24 0.247619 0.642034 0.009143 0.040678
24 0.213714 0.644068 0.009905 0.040678
24 0.191429 0.634915 0.023238 0.019661
18 0.203619 0.524068 0.008762 0.031186
11 0.222667 0.517288 0.005714 0.016271
11 0.228381 0.516949 0.005714 0.016949
11 0.251238 0.517627 0.005714 0.015593
11 0.257143 0.516949 0.005333 0.015593
11 0.296190 0.513220 0.005714 0.017627
11 0.198095 0.558983 0.008381 0.008814
11 0.198095 0.598305 0.008381 0.010169
11 0.198286 0.613220 0.017143 0.015593
11 0.268952 0.605085 0.016762 0.015593
11 0.272762 0.578983 0.009143 0.012203
18 0.268762 0.535932 0.017905 0.015593
18 0.195429 0.580000 0.017524 0.014237
11 0.223810 0.651186 0.005714 0.015593
11 0.237905 0.651186 0.004952 0.015593
11 0.260762 0.640000 0.009524 0.012203
11 0.227048 0.709153 0.006095 0.016271
11 0.237524 0.709831 0.004952 0.017627
11 0.245143 0.714576 0.005714 0.016271
11 0.269714 0.692203 0.009143 0.010847
11 0.362857 0.405424 0.017905 0.013559
11 0.363238 0.423390 0.017143 0.014237
11 0.362476 0.440339 0.017143 0.014237
11 0.363238 0.458644 0.017143 0.014237
11 0.362857 0.475593 0.017143 0.014237
11 0.362857 0.493220 0.017143 0.014237
11 0.363238 0.510169 0.017143 0.014237
11 0.317333 0.520000 0.016000 0.067797
11 0.363619 0.562373 0.017143 0.014237
11 0.363619 0.580000 0.017143 0.014237
11 0.363238 0.597627 0.017143 0.014237
11 0.363619 0.614576 0.017143 0.014237
11 0.363619 0.632203 0.017143 0.014237
11 0.363619 0.649153 0.017143 0.014237
11 0.364000 0.666780 0.017143 0.014237
18 0.288381 0.407797 0.017524 0.015593
24 0.285905 0.428814 0.022476 0.019661
24 0.217143 0.702373 0.009143 0.037966
24 0.236762 0.680339 0.008762 0.033220
24 0.247619 0.682712 0.009905 0.039322
24 0.270286 0.709153 0.022476 0.017627
24 0.337333 0.404407 0.027048 0.018305
24 0.337714 0.423051 0.027810 0.017627
24 0.337143 0.440000 0.027429 0.016271
24 0.337714 0.456610 0.027810 0.016949
24 0.338095 0.473559 0.027810 0.016949
24 0.339810 0.494237 0.024381 0.016271
24 0.340000 0.510847 0.024000 0.016949
24 0.339238 0.562373 0.024762 0.016949
24 0.338476 0.578983 0.028571 0.018983
24 0.339810 0.596610 0.025143 0.017627
24 0.338476 0.613898 0.027810 0.016949
24 0.340571 0.631525 0.022857 0.018305
24 0.341714 0.650169 0.022095 0.017627
24 0.342095 0.667119 0.021333 0.016271
24 0.470857 0.406780 0.010667 0.040678
24 0.446476 0.438644 0.010667 0.039322
24 0.425714 0.456271 0.028571 0.017627
24 0.424000 0.495254 0.010667 0.050847
24 0.404381 0.536271 0.025524 0.018983
24 0.423810 0.573898 0.009524 0.050847
24 0.436381 0.645424 0.010286 0.050169
24 0.447429 0.572881 0.009524 0.051525
24 0.459048 0.639322 0.009905 0.050169
24 0.476381 0.641017 0.010286 0.050847
24 0.509905 0.653220 0.010286 0.050847
24 0.519048 0.603390 0.028571 0.020339
24 0.501714 0.572203 0.009905 0.051525
24 0.526286 0.556271 0.027810 0.019661
24 0.469905 0.500678 0.008762 0.044068
24 0.503238 0.466780 0.025905 0.018305
24 0.510667 0.492203 0.027810 0.018983
24 0.489143 0.513220 0.028190 0.017627
24 0.517524 0.512542 0.027810 0.017627
24 0.578095 0.445763 0.028571 0.018305
24 0.575048 0.463729 0.022476 0.017627
24 0.577143 0.482712 0.028190 0.017627
24 0.575238 0.501356 0.022857 0.016949
24 0.578476 0.518644 0.029333 0.016271
24 0.577524 0.535593 0.028190 0.017627
24 0.578286 0.555254 0.028190 0.017627
24 0.593524 0.572542 0.025143 0.018305
24 0.577524 0.593898 0.028190 0.017627
24 0.577524 0.613220 0.028190 0.019661
24 0.576952 0.632542 0.025524 0.018983
24 0.601714 0.467797 0.011048 0.051525
24 0.612762 0.499661 0.010286 0.051525
24 0.625714 0.535932 0.009524 0.048136
24 0.639238 0.534576 0.009905 0.044068
24 0.652190 0.501017 0.010667 0.050169
24 0.665905 0.557627 0.025905 0.016949
24 0.666095 0.602712 0.028571 0.018983
24 0.643810 0.611525 0.009905 0.048814
24 0.608762 0.629831 0.028190 0.018983
24 0.632190 0.630508 0.010286 0.051525
24 0.677714 0.652881 0.027429 0.017627
24 0.696762 0.448814 0.022095 0.018983
24 0.673714 0.516610 0.009524 0.040678
24 0.698286 0.483051 0.027429 0.018305
24 0.708000 0.501356 0.027810 0.018305
24 0.735048 0.520000 0.029333 0.018983
24 0.736190 0.540000 0.030095 0.018305
24 0.705714 0.540000 0.027810 0.015593
24 0.736571 0.618983 0.011048 0.040678
24 0.846476 0.593898 0.009905 0.039322
24 0.894095 0.471864 0.022095 0.020339
24 0.874476 0.500000 0.029333 0.018305
24 0.875429 0.520678 0.028952 0.018983
24 0.965714 0.512203 0.012952 0.033220
24 0.883429 0.693898 0.029714 0.019661
24 0.832762 0.706441 0.010667 0.054237
24 0.799810 0.662712 0.039238 0.082034
11 0.428762 0.535932 0.017143 0.014237
11 0.436571 0.567458 0.008381 0.029831
11 0.436000 0.600000 0.008000 0.031186
11 0.440571 0.477288 0.017143 0.014915
11 0.479048 0.466441 0.017905 0.013559
11 0.489524 0.494237 0.009143 0.010847
11 0.485524 0.534915 0.017905 0.016271
11 0.504000 0.535254 0.017524 0.015593
11 0.526286 0.534576 0.017143 0.014237
11 0.490095 0.580678 0.008000 0.031864
11 0.489905 0.604407 0.007619 0.010169
11 0.497905 0.625424 0.007619 0.031864
11 0.458286 0.563051 0.008381 0.031864
11 0.458667 0.594576 0.008381 0.031186
18 0.458476 0.408136 0.007238 0.031186
18 0.458857 0.441017 0.008000 0.029153
20 0.436190 0.502373 0.008381 0.031186
20 0.459619 0.507797 0.008762 0.031186
20 0.458667 0.474576 0.007619 0.031186
24 0.377905 0.698305 0.009905 0.040678
18 0.551238 0.417627 0.017524 0.014915
11 0.551619 0.446441 0.017524 0.014237
11 0.551238 0.482373 0.017524 0.014237
11 0.551619 0.516271 0.017524 0.014237
11 0.551619 0.533898 0.017524 0.014237
11 0.552000 0.551525 0.017524 0.014237
11 0.552381 0.594915 0.017524 0.014237
11 0.551810 0.612203 0.017143 0.014915
11 0.551810 0.630508 0.017143 0.014915
18 0.551238 0.464407 0.017524 0.013559
18 0.551238 0.499322 0.017524 0.012881
11 0.603238 0.509153 0.005714 0.016271
11 0.623048 0.500339 0.006476 0.016271
11 0.638476 0.500000 0.006095 0.016949
11 0.663429 0.503051 0.006476 0.016271
11 0.676952 0.485424 0.009905 0.009492
11 0.697143 0.520678 0.009905 0.009492
11 0.712381 0.521017 0.009905 0.011525
11 0.720381 0.557627 0.009143 0.011525
11 0.704762 0.558305 0.010667 0.011525
11 0.676952 0.575932 0.009143 0.010169
11 0.666286 0.584407 0.009905 0.009492
11 0.643048 0.576949 0.009905 0.010847
11 0.632190 0.594915 0.009524 0.011525
11 0.626857 0.573220 0.004952 0.018305
11 0.612762 0.559661 0.009524 0.010169
11 0.616571 0.607458 0.009524 0.012203
18 0.673524 0.450847 0.018286 0.016271
18 0.685905 0.517288 0.008762 0.031186
18 0.736952 0.660678 0.008762 0.031864
24 0.829333 0.397288 0.024381 0.420339
18 0.847048 0.554237 0.008000 0.031864
18 0.870286 0.472881 0.017905 0.014237
11 0.898095 0.498644 0.010286 0.010169
11 0.900952 0.518305 0.018286 0.014237
3 0.966476 0.577966 0.033524 0.094237
24 0.892381 0.574237 0.014095 0.062373
24 0.906476 0.600000 0.014095 0.073220
24 0.923810 0.602034 0.019048 0.085424
24 0.940571 0.595932 0.015238 0.191186
24 0.186476 0.701017 0.022476 0.018983
24 0.188000 0.761356 0.022476 0.018983
24 0.038095 0.815932 0.027429 0.019661
24 0.070667 0.872881 0.021714 0.019661
24 0.094476 0.893220 0.022857 0.018305
24 0.125905 0.822034 0.011048 0.041356
24 0.143048 0.914915 0.011048 0.041356
24 0.149905 0.883729 0.022476 0.018305
24 0.177905 0.818983 0.011429 0.036610
24 0.197143 0.911525 0.009524 0.038644
24 0.203048 0.882373 0.022095 0.016949
24 0.196000 0.974237 0.021714 0.020339
24 0.240381 0.941695 0.011429 0.035254
24 0.244762 0.851525 0.023238 0.018983
24 0.244952 0.871864 0.022095 0.018983
24 0.322667 0.739661 0.012952 0.050169
24 0.252190 0.903390 0.009905 0.044068
24 0.266667 0.952542 0.022857 0.020339
24 0.301333 0.956949 0.012190 0.042712
24 0.316571 0.946102 0.012952 0.015593
24 0.311238 0.816271 0.016000 0.017627
24 0.412381 0.803390 0.017143 0.020339
24 0.413333 0.954576 0.015238 0.018983
24 0.505524 0.802712 0.016762 0.018983
24 0.512952 0.953898 0.013333 0.021695
24 0.605905 0.798644 0.016381 0.017627
24 0.604762 0.951525 0.017143 0.019661
24 0.710476 0.802712 0.030476 0.025763
24 0.709714 0.946441 0.020571 0.024407
24 0.390667 0.753898 0.009524 0.047458
24 0.399810 0.754915 0.008762 0.049492
24 0.409714 0.755593 0.008762 0.049492
24 0.420381 0.754576 0.010286 0.051525
24 0.431048 0.754576 0.009524 0.050169
24 0.440571 0.754576 0.008762 0.051525
24 0.450476 0.757288 0.009524 0.046102
24 0.461143 0.755254 0.009524 0.051525
24 0.471810 0.755932 0.010286 0.052881
24 0.481333 0.753898 0.010286 0.051525
24 0.490857 0.757966 0.010286 0.052881
24 0.502095 0.757288 0.010667 0.052881
24 0.512952 0.757288 0.009524 0.052881
24 0.594095 0.698983 0.009524 0.051525
24 0.620952 0.724407 0.028190 0.019661
24 0.641143 0.722034 0.010667 0.050169
24 0.663810 0.724068 0.010286 0.051525
24 0.701714 0.669492 0.028190 0.016949
24 0.704381 0.723729 0.028190 0.016949
24 0.740571 0.704746 0.026667 0.019661
24 0.847619 0.802034 0.009905 0.035254
24 0.828571 0.880339 0.029714 0.019661
24 0.827238 0.902034 0.030095 0.018305
24 0.841333 0.954237 0.030857 0.022373
24 0.908381 0.871525 0.012571 0.061695
24 0.928381 0.870508 0.012952 0.061017
24 0.988381 0.789153 0.011810 0.062373
11 0.060952 0.824746 0.011429 0.046780
3 0.090667 0.830508 0.031238 0.056949
3 0.148190 0.821695 0.029714 0.061017
20 0.095238 0.872203 0.019048 0.014237
21 0.115619 0.911864 0.017143 0.119322
24 0.094095 0.959661 0.015238 0.037288
18 0.130857 0.902034 0.008000 0.033220
20 0.148000 0.864407 0.020190 0.016271
20 0.201714 0.820339 0.028571 0.065085
21 0.170476 0.910508 0.017143 0.119322
7 0.197714 0.952542 0.035048 0.016271
18 0.185333 0.900678 0.008762 0.030508
20 0.200571 0.863390 0.018667 0.014237
18 0.187048 0.723390 0.016762 0.014915
18 0.187429 0.740339 0.016762 0.014915
18 0.267619 0.858983 0.017143 0.013559
18 0.268381 0.878644 0.018667 0.014915
6 0.269143 0.904068 0.014095 0.027797
18 0.240000 0.901017 0.009905 0.031186
18 0.268381 0.930508 0.017143 0.018305
6 0.301524 0.736610 0.025524 0.049492
12 0.509905 0.878305 0.440762 0.121356
12 0.745333 0.869492 0.018667 0.121356
11 0.392952 0.709492 0.008762 0.030508
11 0.402476 0.709492 0.008762 0.030508
11 0.412000 0.709492 0.008762 0.030508
11 0.422286 0.710169 0.008762 0.030508
11 0.431810 0.710169 0.008762 0.030508
11 0.441333 0.709492 0.008762 0.030508
11 0.451238 0.709492 0.008762 0.030508
11 0.461143 0.708814 0.008762 0.030508
11 0.470667 0.709492 0.008762 0.030508
11 0.480571 0.708136 0.008762 0.030508
11 0.490095 0.708814 0.008762 0.030508
11 0.500381 0.708814 0.008762 0.030508
11 0.509524 0.708136 0.008762 0.030508
11 0.604381 0.693898 0.005714 0.018305
11 0.620952 0.706102 0.009143 0.011525
11 0.641714 0.684407 0.005714 0.016949
11 0.664762 0.684746 0.006095 0.017627
11 0.678095 0.670508 0.009143 0.010847
11 0.695810 0.688475 0.008762 0.011525
11 0.705333 0.706102 0.008762 0.010169
11 0.720571 0.705085 0.009524 0.010847
11 0.844190 0.707119 0.005333 0.017627
11 0.856190 0.693220 0.017905 0.014237
18 0.847810 0.760339 0.008000 0.029153
11 0.852190 0.883051 0.009143 0.010169
11 0.856571 0.900000 0.019429 0.015593
11 0.888381 0.937627 0.055619 0.050169
20 0.902476 0.784068 0.028190 0.098305
20 0.933714 0.783051 0.027429 0.097627
20 0.966095 0.782034 0.028190 0.099661
20 0.476190 0.595593 0.009143 0.031864
11 0.455810 0.535593 0.017143 0.016271
21 0.224190 0.908475 0.017143 0.119322
21 0.076571 0.456610 0.025143 0.046780
21 0.076190 0.183051 0.025143 0.052881
21 0.177524 0.180000 0.024381 0.041356
11 0.493905 0.327119 0.005714 0.016949
24 0.266286 0.119322 0.006857 0.031186
24 0.800381 0.050847 0.028190 0.035254
24 0.967238 0.583729 0.019810 0.054237
24 0.098667 0.829492 0.009905 0.046780
24 0.044571 0.421017 0.010667 0.013559
21 0.177905 0.456610 0.025143 0.046780
