12 0.029338 0.165774 0.028215 0.067381
24 0.421348 0.083222 0.010237 0.044177
24 0.474532 0.129853 0.008240 0.029451
24 0.494257 0.106649 0.007241 0.032129
24 0.537953 0.091700 0.006742 0.029005
24 0.514107 0.021419 0.008989 0.041946
24 0.528964 0.131415 0.007241 0.013833
24 0.539201 0.127175 0.007241 0.029451
24 0.561673 0.048862 0.007241 0.029005
24 0.573908 0.060241 0.006742 0.029451
24 0.583521 0.066934 0.006991 0.030344
24 0.558052 0.095270 0.006991 0.029897
24 0.592509 0.091477 0.010487 0.008925
24 0.607491 0.066488 0.007491 0.029451
24 0.619351 0.089469 0.007241 0.030790
24 0.626467 0.088800 0.006492 0.029451
24 0.633208 0.089469 0.006492 0.029897
24 0.639576 0.089915 0.006242 0.027220
24 0.645568 0.092146 0.006242 0.029005
24 0.652185 0.092593 0.006492 0.029897
24 0.659675 0.095270 0.006991 0.029897
24 0.656429 0.054663 0.007491 0.012941
24 0.665543 0.132307 0.008240 0.014726
24 0.712984 0.022311 0.009238 0.043730
24 0.721223 0.151718 0.009238 0.044623
24 0.573533 0.156627 0.004994 0.017849
24 0.608864 0.128291 0.010237 0.009371
24 0.598502 0.140116 0.009988 0.009817
24 0.599875 0.152834 0.009738 0.009371
24 0.536579 0.179607 0.006492 0.028112
24 0.542697 0.180277 0.005743 0.028559
24 0.548439 0.180054 0.006242 0.028112
24 0.529713 0.216421 0.006742 0.015172
24 0.529963 0.233824 0.006742 0.005355
24 0.542946 0.213521 0.005743 0.029005
24 0.548939 0.214190 0.005743 0.028559
24 0.554682 0.215752 0.006242 0.029005
24 0.564669 0.213967 0.006242 0.028112
24 0.573658 0.196787 0.004245 0.017849
24 0.577903 0.196564 0.004245 0.017403
24 0.583645 0.211513 0.004245 0.016957
24 0.587765 0.211513 0.003995 0.016957
24 0.596879 0.217091 0.006742 0.028112
24 0.602622 0.203481 0.006242 0.027666
24 0.615481 0.153949 0.006492 0.028559
24 0.621723 0.153726 0.006492 0.028112
24 0.628215 0.153726 0.006492 0.028112
24 0.639201 0.157965 0.015481 0.012494
24 0.617353 0.184516 0.007241 0.028112
24 0.618851 0.207720 0.008739 0.013833
24 0.637578 0.187639 0.016729 0.012941
24 0.662297 0.179384 0.016729 0.011602
24 0.665044 0.168005 0.016230 0.011156
24 0.649438 0.255913 0.009488 0.044177
24 0.607491 0.282686 0.006991 0.029005
24 0.597628 0.283579 0.007241 0.029897
24 0.579276 0.281794 0.006991 0.029897
24 0.564919 0.248996 0.007241 0.028559
24 0.549563 0.248327 0.006492 0.029005
24 0.124220 0.417224 0.007241 0.030344
24 0.303121 0.379518 0.006492 0.029897
24 0.828714 0.513610 0.010986 0.033913
24 0.792010 0.515618 0.009988 0.030790
24 0.827341 0.587684 0.007740 0.038376
24 0.790886 0.583222 0.021723 0.037483
24 0.067541 0.759929 0.007740 0.029451
24 0.765918 0.891343 0.006742 0.029005
24 0.782397 0.884427 0.006742 0.030344
24 0.793009 0.890897 0.006991 0.029005
24 0.808240 0.885988 0.006991 0.029005
24 0.818227 0.888220 0.006492 0.029005
24 0.833833 0.885319 0.006742 0.028559
24 0.862797 0.886658 0.007241 0.029451
24 0.845943 0.896252 0.006991 0.029005
24 0.431586 0.013610 0.007241 0.012941
23 0.440824 0.061357 0.029213 0.080768
11 0.474032 0.095939 0.006742 0.026774
11 0.487640 0.088130 0.004494 0.022758
23 0.519226 0.084114 0.029213 0.081660
11 0.543446 0.092816 0.004744 0.022311
11 0.561298 0.071397 0.002996 0.014279
11 0.561923 0.093485 0.002747 0.013833
11 0.573658 0.086792 0.004245 0.022758
11 0.584519 0.091923 0.002996 0.014279
11 0.590262 0.098840 0.007491 0.005801
11 0.608739 0.092816 0.005993 0.021419
11 0.601748 0.115350 0.002996 0.014726
23 0.683146 0.037260 0.045943 0.053101
23 0.692260 0.114681 0.045693 0.053548
11 0.608989 0.181838 0.004494 0.022758
11 0.608614 0.152387 0.007241 0.006693
23 0.628839 0.255689 0.028714 0.081214
11 0.605993 0.251896 0.006991 0.026328
11 0.594507 0.256359 0.004494 0.023650
11 0.591635 0.213298 0.003246 0.016064
11 0.579276 0.255020 0.004494 0.021865
11 0.578901 0.214636 0.003246 0.014279
11 0.574657 0.214413 0.002747 0.014726
11 0.570037 0.215306 0.004494 0.022758
11 0.570787 0.244757 0.002996 0.014726
11 0.554557 0.243418 0.002996 0.013833
11 0.536579 0.210397 0.006492 0.027220
11 0.311361 0.377510 0.004494 0.015172
11 0.856679 0.898929 0.003995 0.014726
11 0.828090 0.898260 0.003246 0.014279
11 0.803496 0.898706 0.002996 0.013387
11 0.777278 0.898260 0.002996 0.014279
18 0.595755 0.116243 0.002996 0.013833
18 0.591511 0.115127 0.002996 0.014279
18 0.587516 0.116020 0.002996 0.014279
18 0.583396 0.116243 0.003246 0.013833
18 0.579151 0.116020 0.003246 0.014279
18 0.575281 0.116020 0.003496 0.014279
18 0.608240 0.135877 0.007491 0.005801
18 0.607990 0.143909 0.007491 0.004909
11 0.577403 0.146363 0.003246 0.013387
18 0.570162 0.120705 0.003246 0.013833
18 0.566167 0.120482 0.003246 0.012494
18 0.562172 0.120705 0.002747 0.013833
18 0.557803 0.121151 0.003496 0.013833
18 0.553683 0.120259 0.003246 0.013833
18 0.549813 0.120705 0.002996 0.014726
24 0.552934 0.013833 0.006242 0.026774
24 0.558926 0.014279 0.005743 0.027666
24 0.565044 0.014056 0.005993 0.027220
24 0.571036 0.014279 0.006492 0.027666
24 0.577403 0.014279 0.006242 0.027666
24 0.583645 0.014502 0.006242 0.028112
18 0.566542 0.155065 0.007990 0.005801
18 0.563920 0.165997 0.002747 0.012494
18 0.559426 0.165997 0.002747 0.013387
18 0.554682 0.165551 0.002747 0.014279
18 0.564170 0.190763 0.003246 0.013833
18 0.559301 0.190317 0.002996 0.012941
18 0.554931 0.190317 0.003246 0.013833
18 0.582147 0.194333 0.002747 0.013833
18 0.586891 0.193664 0.003246 0.014279
18 0.596005 0.194779 0.003496 0.013833
18 0.596005 0.165997 0.002996 0.014279
18 0.586767 0.165551 0.002996 0.014279
18 0.582147 0.165105 0.003246 0.013387
18 0.638577 0.176037 0.007740 0.006693
18 0.639076 0.167559 0.007241 0.005801
18 0.648564 0.167113 0.007740 0.006693
18 0.648315 0.176484 0.007241 0.005801
22 0.971036 0.166444 0.013483 0.028559
22 0.971411 0.207050 0.012734 0.027666
22 0.971161 0.268853 0.013233 0.028112
24 0.971286 0.165551 0.003995 0.013387
24 0.971286 0.207274 0.003995 0.012941
24 0.971286 0.268184 0.003995 0.012494
18 0.118352 0.391120 0.002996 0.014726
18 0.074906 0.755243 0.003496 0.013833
18 0.851186 0.899152 0.003496 0.016064
18 0.823221 0.899375 0.002996 0.017403
18 0.798252 0.899375 0.002996 0.015618
18 0.771910 0.898037 0.003246 0.015618
21 0.086017 0.593262 0.033708 0.083445
21 0.146067 0.649264 0.014981 0.044623
21 0.097503 0.468764 0.012235 0.020080
21 0.152060 0.500669 0.014482 0.024096
21 0.195506 0.449353 0.014482 0.066934
21 0.236454 0.388666 0.014482 0.191879
21 0.075031 0.721330 0.011735 0.020973
21 0.131710 0.805890 0.080150 0.030344
21 0.143945 0.902722 0.038702 0.022311
21 0.203995 0.848282 0.043945 0.076751
21 0.277278 0.830656 0.063171 0.176261
21 0.837953 0.666890 0.013983 0.046854
21 0.882896 0.661312 0.014482 0.049085
21 0.912734 0.753458 0.015730 0.027220
21 0.913483 0.547747 0.061673 0.161981
21 0.278527 0.626952 0.014232 0.028559
21 0.319226 0.657073 0.017228 0.047747
21 0.349688 0.542615 0.061673 0.163320
21 0.395880 0.426595 0.012235 0.046408
21 0.431086 0.655734 0.012734 0.046854
21 0.464919 0.541499 0.060924 0.161089
21 0.571411 0.544623 0.060674 0.163766
21 0.539825 0.660196 0.013983 0.046854
21 0.508489 0.426149 0.013233 0.049085
21 0.616479 0.428603 0.012484 0.045962
21 0.622097 0.692771 0.014732 0.029897
21 0.661174 0.663097 0.013983 0.050870
21 0.688514 0.546408 0.060175 0.161981
21 0.735331 0.423025 0.014482 0.049978
21 0.780899 0.399598 0.025218 0.031682
21 0.935206 0.356314 0.016230 0.045962
20 0.792509 0.549085 0.016479 0.028112
20 0.827840 0.548639 0.016729 0.028112
21 0.748315 0.034583 0.013483 0.025435
21 0.503745 0.188309 0.026217 0.022311
21 0.441074 0.233601 0.024220 0.062026
24 0.440574 0.062249 0.017228 0.040607
24 0.519600 0.078536 0.016979 0.043730
24 0.685019 0.036145 0.023221 0.030344
24 0.695256 0.112896 0.022722 0.031236
24 0.628340 0.257697 0.017728 0.040607
21 0.589638 0.312807 0.012734 0.021419
21 0.454432 0.008478 0.032959 0.016064
20 0.827341 0.547747 0.016729 0.028112
