10 0.035053 0.168695 0.044927 0.050357
11 0.015922 0.212757 0.005678 0.018464
11 0.015675 0.310323 0.006171 0.018884
24 0.035176 0.197650 0.011108 0.010911
24 0.114786 0.161141 0.005924 0.017625
24 0.058257 0.276542 0.005924 0.022661
24 0.058134 0.313261 0.005678 0.023919
24 0.072451 0.288502 0.004196 0.016366
24 0.089114 0.276332 0.009874 0.008812
24 0.103802 0.086446 0.004690 0.013428
24 0.146877 0.084977 0.003950 0.013009
24 0.223155 0.085187 0.003456 0.013428
24 0.178474 0.087075 0.004937 0.013848
24 0.149099 0.109945 0.010368 0.020982
24 0.224019 0.111834 0.009627 0.022241
24 0.250679 0.122535 0.009134 0.031053
24 0.273636 0.129249 0.009134 0.031053
24 0.294865 0.070919 0.009627 0.021821
24 0.319304 0.019303 0.011108 0.013428
24 0.349050 0.030634 0.016786 0.017625
24 0.288200 0.110365 0.006665 0.020143
24 0.294619 0.110365 0.005678 0.020982
24 0.300420 0.110995 0.005431 0.020562
24 0.306344 0.110365 0.005924 0.020143
24 0.312269 0.110785 0.005431 0.020143
24 0.318070 0.111204 0.005678 0.020982
24 0.323994 0.111204 0.005678 0.020143
24 0.329919 0.111624 0.005678 0.020143
24 0.335966 0.108896 0.006418 0.026437
24 0.342138 0.109106 0.005924 0.026857
24 0.349420 0.135963 0.007159 0.020982
24 0.376697 0.066093 0.009380 0.031473
24 0.441866 0.107847 0.006912 0.020982
24 0.431128 0.071339 0.007159 0.014268
24 0.439398 0.039656 0.006912 0.028116
24 0.455690 0.031683 0.015305 0.012170
24 0.452234 0.072178 0.006912 0.026857
24 0.461121 0.069031 0.006418 0.027277
24 0.475562 0.019094 0.015552 0.011330
24 0.480252 0.042174 0.015552 0.011330
24 0.505431 0.016576 0.014564 0.010491
24 0.490496 0.056441 0.006418 0.020562
24 0.488892 0.078053 0.006665 0.020982
24 0.471242 0.097776 0.017773 0.015107
24 0.488521 0.094419 0.012836 0.012589
24 0.496050 0.108267 0.005678 0.010071
24 0.509504 0.034410 0.006912 0.019303
24 0.519008 0.035669 0.006665 0.020143
24 0.516539 0.075535 0.006665 0.018464
24 0.522834 0.075535 0.005924 0.018464
24 0.519255 0.049308 0.005184 0.009652
24 0.529252 0.045321 0.014811 0.010911
24 0.529005 0.056232 0.015799 0.010911
24 0.533449 0.016995 0.011355 0.010491
24 0.547643 0.016366 0.015552 0.010071
24 0.539496 0.053294 0.006171 0.026857
24 0.545791 0.054553 0.005924 0.027696
24 0.563318 0.044272 0.015799 0.012170
24 0.563565 0.032522 0.016292 0.011330
24 0.530980 0.083508 0.006912 0.020143
24 0.674031 0.065883 0.009134 0.031053
24 0.711059 0.073017 0.030857 0.020143
24 0.681190 0.148762 0.007159 0.027277
24 0.710936 0.110365 0.031597 0.018464
24 0.782523 0.080990 0.008393 0.014268
24 0.845100 0.080571 0.008146 0.012589
24 0.830783 0.076584 0.008146 0.013848
24 0.894717 0.077423 0.004690 0.011330
24 0.929030 0.241502 0.004196 0.007973
24 0.943100 0.260596 0.005184 0.012589
24 0.929030 0.257868 0.009627 0.007973
24 0.916811 0.260806 0.009380 0.007973
24 0.904468 0.257449 0.009874 0.007134
24 0.894964 0.257239 0.007652 0.006714
24 0.868304 0.201427 0.008640 0.008393
24 0.837571 0.188418 0.007899 0.006714
24 0.844236 0.223668 0.004443 0.016786
24 0.874229 0.284935 0.010121 0.009232
24 0.850284 0.285774 0.007652 0.006714
24 0.837941 0.278221 0.009627 0.008393
24 0.826463 0.284725 0.009380 0.007973
24 0.837571 0.265212 0.008887 0.007554
24 0.829055 0.264582 0.007159 0.006295
24 0.818687 0.221989 0.007652 0.006714
6 0.817576 0.236886 0.004443 0.014687
24 0.810911 0.262274 0.005924 0.007554
24 0.798198 0.185900 0.011108 0.019303
24 0.797704 0.210239 0.004196 0.012589
24 0.797581 0.224087 0.003950 0.012589
24 0.788324 0.247797 0.009134 0.007973
24 0.794865 0.258708 0.009380 0.007973
24 0.806221 0.149601 0.005431 0.026437
24 0.829548 0.150231 0.041224 0.026857
24 0.622192 0.204784 0.008146 0.011750
24 0.590595 0.203735 0.008146 0.013848
24 0.576154 0.137851 0.009874 0.019723
24 0.575537 0.196181 0.007652 0.028116
24 0.561713 0.127151 0.009627 0.030214
24 0.562330 0.186320 0.015799 0.012589
24 0.564058 0.216114 0.016292 0.010911
24 0.550235 0.130927 0.012343 0.011750
24 0.550728 0.152749 0.008887 0.020982
24 0.550358 0.183172 0.007159 0.026437
24 0.539373 0.208980 0.008887 0.029375
24 0.529129 0.143936 0.006171 0.020143
24 0.523204 0.151490 0.006665 0.020143
24 0.516045 0.179396 0.021476 0.044062
24 0.516909 0.138271 0.006912 0.015527
24 0.509874 0.142467 0.007159 0.021402
24 0.501111 0.133655 0.006912 0.020562
24 0.500247 0.178976 0.008640 0.020562
24 0.484201 0.211078 0.007652 0.020982
24 0.471118 0.209820 0.015552 0.010071
24 0.471735 0.199329 0.016292 0.010911
24 0.465070 0.156525 0.006912 0.020982
24 0.460380 0.127570 0.006418 0.026018
24 0.453221 0.138901 0.006912 0.020982
24 0.436189 0.139530 0.006418 0.021402
24 0.427796 0.138481 0.006418 0.020143
24 0.419526 0.139320 0.006665 0.020143
24 0.410886 0.140159 0.006665 0.020143
24 0.393360 0.161351 0.007159 0.021402
24 0.399654 0.206043 0.006912 0.007554
24 0.376697 0.185271 0.009380 0.020562
24 0.348186 0.172262 0.008640 0.029794
24 0.367564 0.221360 0.011849 0.012170
24 0.318193 0.171842 0.010862 0.012170
24 0.295112 0.186739 0.009134 0.019303
24 0.343125 0.228074 0.009380 0.028955
24 0.273019 0.193873 0.011849 0.011750
24 0.273019 0.205413 0.012343 0.011330
24 0.271908 0.224927 0.011602 0.010911
24 0.271908 0.235418 0.012096 0.010911
24 0.271538 0.246538 0.011849 0.010491
24 0.271538 0.258078 0.011849 0.011750
24 0.226487 0.254091 0.009627 0.007973
24 0.175882 0.178766 0.007652 0.007554
24 0.171809 0.202056 0.008393 0.008812
24 0.204764 0.239404 0.006171 0.007973
24 0.194890 0.250315 0.004690 0.009652
24 0.155764 0.204574 0.004937 0.015527
24 0.152431 0.224087 0.004196 0.016786
24 0.197235 0.280109 0.004937 0.007134
24 0.187485 0.282837 0.004690 0.016786
24 0.195507 0.304029 0.004443 0.016366
24 0.189583 0.303609 0.004443 0.013848
24 0.170081 0.312211 0.010368 0.008393
24 0.218588 0.276962 0.004196 0.010911
24 0.218711 0.291020 0.003950 0.009652
24 0.186003 0.270038 0.004690 0.010491
24 0.132066 0.274654 0.009874 0.009652
24 0.106517 0.276752 0.003703 0.012170
6 0.093310 0.327109 0.005431 0.018884
24 0.104666 0.362358 0.003950 0.003777
24 0.147865 0.283676 0.004937 0.011750
24 0.155517 0.294587 0.007899 0.006714
24 0.149716 0.365715 0.009134 0.008812
24 0.170205 0.320394 0.009627 0.007973
24 0.164527 0.353966 0.004196 0.013848
24 0.189459 0.330676 0.004196 0.014268
24 0.211306 0.354175 0.004443 0.027696
6 0.196495 0.353966 0.025673 0.027277
2 0.293755 0.255350 0.011355 0.094419
24 0.295729 0.323542 0.010368 0.020982
24 0.319304 0.270038 0.012096 0.013009
24 0.342138 0.290600 0.009380 0.031473
24 0.367317 0.256819 0.012343 0.014268
24 0.360035 0.321444 0.009134 0.031893
24 0.370279 0.289971 0.007899 0.014268
24 0.400025 0.271926 0.006665 0.006714
24 0.396939 0.281578 0.007406 0.014268
24 0.405085 0.287663 0.007406 0.007973
24 0.061466 0.415233 0.011849 0.056651
24 0.077388 0.392153 0.010121 0.020562
24 0.090348 0.415653 0.011355 0.015527
24 0.063935 0.486152 0.009380 0.022241
24 0.061960 0.544062 0.009874 0.033151
24 0.068872 0.516576 0.004937 0.008393
24 0.089731 0.479018 0.006665 0.015527
24 0.090348 0.508183 0.006912 0.014268
24 0.096766 0.447545 0.007406 0.015527
24 0.104172 0.426144 0.008393 0.015527
24 0.117996 0.396559 0.009380 0.020982
24 0.130955 0.455938 0.006665 0.015527
24 0.132066 0.490348 0.006912 0.014687
24 0.135522 0.476081 0.007406 0.014687
24 0.138114 0.514268 0.007652 0.013848
24 0.104542 0.519303 0.008640 0.018884
24 0.146137 0.580571 0.009874 0.021402
24 0.174401 0.522241 0.011602 0.025598
24 0.185757 0.504196 0.011602 0.056651
24 0.208961 0.470206 0.013083 0.070080
24 0.222044 0.495174 0.009627 0.032732
24 0.235127 0.490138 0.011602 0.015946
24 0.216243 0.389845 0.010368 0.022661
24 0.179956 0.575535 0.009874 0.032312
24 0.214268 0.576164 0.010368 0.032732
24 0.257097 0.489509 0.014071 0.056651
24 0.273266 0.458666 0.011849 0.015107
24 0.273883 0.419849 0.010121 0.033151
24 0.243767 0.365086 0.006665 0.020982
24 0.250062 0.365506 0.005924 0.020982
24 0.256110 0.366135 0.006171 0.020562
24 0.262157 0.366135 0.005924 0.020562
24 0.267835 0.366135 0.005431 0.020562
24 0.273636 0.366135 0.005678 0.021402
24 0.279314 0.366345 0.005678 0.020982
24 0.284991 0.366345 0.005678 0.020982
24 0.290546 0.366765 0.005431 0.020982
24 0.296347 0.367184 0.005678 0.020982
24 0.301901 0.366555 0.005431 0.020562
24 0.307455 0.364037 0.005678 0.025598
24 0.313256 0.363617 0.005924 0.027277
24 0.318810 0.363407 0.005678 0.027696
24 0.324735 0.363827 0.005678 0.027696
24 0.330659 0.364666 0.005678 0.027696
24 0.293508 0.428452 0.009380 0.031053
24 0.318934 0.392782 0.007406 0.015107
24 0.313379 0.426353 0.012096 0.012589
24 0.313873 0.445867 0.007159 0.021402
24 0.321155 0.445657 0.006912 0.020982
24 0.310664 0.475451 0.006665 0.020143
24 0.287707 0.509232 0.004690 0.008812
24 0.311528 0.510281 0.007406 0.020982
24 0.325969 0.518464 0.008640 0.019723
24 0.344730 0.370751 0.009134 0.020562
24 0.343002 0.459085 0.007159 0.020982
24 0.359541 0.441670 0.006665 0.020562
24 0.367317 0.442300 0.006912 0.020982
24 0.354974 0.489719 0.006912 0.020982
24 0.348679 0.517835 0.006665 0.020143
24 0.374105 0.484683 0.012096 0.054553
24 0.405579 0.386278 0.008887 0.032312
24 0.407430 0.348510 0.006665 0.021402
24 0.428660 0.333403 0.006665 0.020562
24 0.415453 0.359631 0.006912 0.014268
24 0.418292 0.421318 0.007159 0.015107
24 0.428536 0.409987 0.006418 0.020982
24 0.428783 0.381872 0.009380 0.031893
24 0.435942 0.350818 0.006912 0.020982
24 0.447914 0.352707 0.006665 0.020562
24 0.454456 0.359001 0.005924 0.021402
24 0.461614 0.359631 0.006912 0.020143
24 0.469267 0.364247 0.006912 0.020982
24 0.463960 0.398028 0.008640 0.031473
24 0.458776 0.285774 0.006665 0.008393
24 0.469143 0.267730 0.016045 0.011750
24 0.468403 0.278640 0.015058 0.010911
24 0.482473 0.279270 0.007159 0.020562
24 0.490496 0.352497 0.006912 0.005875
24 0.487287 0.367814 0.009380 0.020562
24 0.510615 0.362988 0.009627 0.038607
24 0.522093 0.372640 0.008887 0.031053
24 0.518144 0.273395 0.008887 0.031473
24 0.526784 0.274864 0.007899 0.015107
24 0.537522 0.257029 0.008146 0.030634
24 0.538879 0.387537 0.009380 0.022241
24 0.552209 0.262904 0.016292 0.011330
24 0.573562 0.255350 0.009134 0.039866
24 0.557023 0.378305 0.009134 0.030634
24 0.592446 0.300252 0.004443 0.013009
24 0.620217 0.299413 0.003209 0.011330
24 0.667613 0.245279 0.053073 0.186739
24 0.799926 0.319765 0.007159 0.005875
24 0.835966 0.339278 0.004690 0.015527
6 0.839422 0.321024 0.007652 0.018464
24 0.859047 0.339488 0.004443 0.015946
24 0.891138 0.324801 0.009380 0.009232
24 0.862256 0.392992 0.011355 0.053294
24 0.847939 0.433277 0.007406 0.028955
24 0.829548 0.382921 0.009627 0.032312
24 0.830536 0.458036 0.009134 0.031473
24 0.795853 0.381452 0.009380 0.031893
24 0.875586 0.498112 0.009380 0.041125
24 0.860652 0.480067 0.011108 0.052035
24 0.846705 0.520772 0.006418 0.028535
24 0.947544 0.497272 0.010121 0.056232
24 0.823747 0.496013 0.023204 0.018464
24 0.824611 0.535460 0.021970 0.015107
24 0.787583 0.494964 0.007159 0.027277
24 0.777216 0.426144 0.010615 0.092740
24 0.751790 0.383131 0.012589 0.016786
24 0.746853 0.403063 0.022957 0.017205
24 0.745865 0.421947 0.024438 0.016366
24 0.748457 0.442090 0.018761 0.016366
24 0.745372 0.460134 0.024438 0.016366
24 0.750309 0.479228 0.012589 0.015946
24 0.745001 0.498321 0.023698 0.017205
24 0.747963 0.518254 0.018761 0.015946
24 0.750309 0.536928 0.011108 0.015527
24 0.718958 0.526647 0.010615 0.041964
24 0.697976 0.456777 0.009627 0.033151
24 0.698840 0.399916 0.010862 0.053714
24 0.689336 0.394251 0.008146 0.030634
24 0.686621 0.437684 0.006171 0.027696
24 0.680820 0.438103 0.006418 0.028535
24 0.684152 0.479228 0.006665 0.026857
24 0.683658 0.512589 0.006665 0.026437
24 0.644162 0.394251 0.009134 0.021402
24 0.639719 0.427402 0.016045 0.013009
24 0.651074 0.450483 0.016045 0.012170
24 0.641817 0.473143 0.007406 0.027277
24 0.642064 0.505455 0.006912 0.027277
24 0.656998 0.514687 0.004690 0.008812
24 0.621081 0.430340 0.009380 0.040705
24 0.607381 0.438523 0.009134 0.031053
24 0.587386 0.395090 0.011602 0.052455
24 0.589731 0.434536 0.006418 0.026437
24 0.583313 0.435166 0.006418 0.026857
24 0.590965 0.480277 0.011355 0.053294
24 0.618736 0.515317 0.005184 0.009232
24 0.590965 0.520352 0.023698 0.014268
24 0.579116 0.470835 0.008887 0.031893
24 0.577018 0.500839 0.006665 0.027277
24 0.565046 0.449224 0.006912 0.027277
24 0.603431 0.464121 0.010615 0.013428
24 0.574796 0.528955 0.006665 0.027277
24 0.544557 0.450063 0.006418 0.027277
24 0.531597 0.429920 0.015552 0.012170
24 0.537398 0.449853 0.006912 0.026018
24 0.533819 0.474822 0.006665 0.026437
24 0.534189 0.504196 0.006912 0.027277
24 0.506171 0.441251 0.009134 0.030634
24 0.510862 0.514687 0.004690 0.009652
24 0.495433 0.433907 0.009380 0.030214
24 0.495063 0.463491 0.010615 0.015527
24 0.482473 0.518884 0.023451 0.014687
24 0.479758 0.478598 0.011602 0.054133
24 0.472599 0.432438 0.006665 0.020562
24 0.465811 0.431809 0.006912 0.026857
24 0.462478 0.458456 0.006665 0.027277
24 0.468156 0.483634 0.006665 0.028116
24 0.466798 0.511330 0.006912 0.027277
24 0.449519 0.437474 0.006912 0.020562
24 0.435942 0.468107 0.006418 0.019723
24 0.438163 0.516366 0.008393 0.020562
24 0.415206 0.447335 0.011355 0.011750
24 0.423229 0.476290 0.006171 0.020982
24 0.422488 0.506714 0.006171 0.022241
24 0.399654 0.442719 0.009874 0.029375
24 0.386448 0.442719 0.009134 0.030214
24 0.389780 0.467688 0.010862 0.013009
24 0.403481 0.516366 0.005184 0.009652
24 0.142928 0.633865 0.024685 0.081830
24 0.282523 0.543852 0.009134 0.032732
24 0.271785 0.673521 0.010862 0.079731
24 0.282893 0.652958 0.010862 0.066303
24 0.283510 0.708351 0.008640 0.031053
24 0.357689 0.543223 0.008887 0.031473
24 0.354110 0.596097 0.006171 0.020562
24 0.365589 0.617079 0.011849 0.011330
24 0.365465 0.629459 0.012096 0.011750
24 0.374846 0.575955 0.007159 0.019723
24 0.398667 0.541964 0.009380 0.031473
24 0.386324 0.630508 0.011849 0.081830
24 0.398297 0.649601 0.011602 0.067982
24 0.298445 0.654427 0.007899 0.006295
24 0.413848 0.652539 0.008640 0.005875
24 0.471489 0.595048 0.006912 0.026018
24 0.480128 0.624213 0.006912 0.020562
24 0.503209 0.539656 0.008640 0.031893
24 0.483214 0.586446 0.007652 0.026437
24 0.492348 0.583718 0.007159 0.027696
24 0.491607 0.650860 0.011602 0.054553
24 0.502592 0.653588 0.010862 0.069240
24 0.518391 0.652119 0.007899 0.006714
24 0.578746 0.629878 0.006665 0.027696
24 0.589978 0.638271 0.015799 0.011750
24 0.589978 0.624843 0.015799 0.011750
24 0.591212 0.585187 0.006912 0.028955
24 0.616885 0.540076 0.009380 0.031053
24 0.604666 0.630927 0.011108 0.080151
24 0.616021 0.647713 0.011602 0.068401
24 0.631696 0.650021 0.008393 0.007554
24 0.692175 0.618548 0.006912 0.027696
24 0.704024 0.614142 0.015799 0.012170
24 0.703900 0.627360 0.016045 0.011750
24 0.714762 0.595678 0.006665 0.027277
24 0.754505 0.564415 0.008640 0.029375
24 0.767465 0.554133 0.007406 0.006295
24 0.806591 0.573017 0.008640 0.010491
24 0.834732 0.569870 0.008640 0.031893
24 0.858924 0.566723 0.009627 0.032312
24 0.945322 0.656316 0.011602 0.054553
24 0.917922 0.590852 0.006665 0.027696
24 0.906196 0.587495 0.006418 0.027696
24 0.892496 0.592740 0.007159 0.028116
24 0.873982 0.658624 0.008640 0.103651
24 0.864848 0.658624 0.009134 0.104490
24 0.927178 0.711708 0.009380 0.039446
24 0.855591 0.642887 0.008887 0.083089
24 0.846334 0.648342 0.006665 0.028535
24 0.832140 0.625472 0.016292 0.012170
24 0.832510 0.666807 0.016045 0.011750
24 0.818440 0.644775 0.006665 0.027277
24 0.808442 0.670373 0.008887 0.041544
24 0.796964 0.671213 0.008640 0.031473
24 0.796964 0.617709 0.011602 0.065464
24 0.841891 0.730382 0.006665 0.026437
24 0.834856 0.732060 0.006418 0.027277
24 0.851888 0.752833 0.008393 0.010071
24 0.812022 0.745069 0.009134 0.031473
24 0.747346 0.672891 0.009134 0.039866
24 0.734510 0.681914 0.009134 0.031053
24 0.710565 0.678766 0.009134 0.031473
24 0.777216 0.736047 0.007652 0.010911
24 0.775364 0.747797 0.006912 0.011750
24 0.696248 0.711708 0.011108 0.064624
24 0.682301 0.746958 0.008887 0.030214
24 0.722044 0.752623 0.009380 0.041544
24 0.671316 0.687998 0.008640 0.014687
24 0.616021 0.703525 0.009134 0.040705
24 0.585781 0.711498 0.011355 0.064205
24 0.561466 0.735627 0.008640 0.031053
24 0.557887 0.688208 0.008393 0.015107
24 0.503209 0.703945 0.008640 0.030634
24 0.465687 0.746958 0.008640 0.027696
24 0.478400 0.712547 0.011355 0.063785
24 0.453962 0.689467 0.008393 0.014268
24 0.398790 0.701846 0.009134 0.030634
24 0.396322 0.741292 0.008640 0.031473
24 0.373241 0.741083 0.008887 0.030214
24 0.359788 0.711918 0.011602 0.064205
24 0.345964 0.749475 0.008640 0.030214
24 0.338065 0.691355 0.008640 0.015527
24 0.251666 0.718632 0.006171 0.028116
24 0.237843 0.717373 0.006665 0.027277
24 0.225006 0.717583 0.006665 0.027696
24 0.211923 0.717373 0.006665 0.028116
24 0.198716 0.717373 0.006418 0.028116
24 0.234633 0.778011 0.007159 0.021821
24 0.219822 0.776962 0.006665 0.021402
24 0.203407 0.775703 0.007406 0.020562
24 0.160824 0.714226 0.009134 0.032732
24 0.141817 0.712757 0.011602 0.065044
24 0.128240 0.744650 0.010121 0.021402
24 0.116144 0.689887 0.009134 0.015107
24 0.075784 0.653168 0.008887 0.007134
24 0.071464 0.736676 0.009627 0.021402
24 0.106887 0.744650 0.016786 0.013009
24 0.086645 0.798993 0.009380 0.020982
24 0.110220 0.798573 0.009134 0.030214
24 0.168971 0.861309 0.011602 0.037348
24 0.195014 0.861099 0.011355 0.039446
24 0.219329 0.862358 0.011108 0.038607
24 0.245495 0.862568 0.011108 0.039026
24 0.258825 0.858582 0.008640 0.027696
24 0.270180 0.829207 0.007652 0.020982
24 0.282399 0.802770 0.006912 0.020982
24 0.302888 0.837809 0.037522 0.018884
24 0.315478 0.804448 0.008887 0.020982
24 0.329795 0.858791 0.008887 0.030634
24 0.330536 0.818086 0.006912 0.021402
24 0.340533 0.835501 0.006665 0.020143
24 0.349914 0.835501 0.006171 0.020982
24 0.382251 0.802770 0.009134 0.022661
24 0.375463 0.838859 0.038509 0.019303
24 0.401012 0.857323 0.008146 0.030214
24 0.400518 0.819136 0.006665 0.020143
24 0.412120 0.807595 0.007159 0.021402
24 0.421377 0.835292 0.006418 0.019723
24 0.454332 0.800252 0.009134 0.020982
24 0.444705 0.836551 0.038756 0.018884
24 0.471982 0.857742 0.008887 0.030214
24 0.472229 0.820814 0.006418 0.028535
24 0.482844 0.811792 0.006912 0.019723
24 0.493088 0.801511 0.007159 0.027696
24 0.517280 0.839278 0.038756 0.018464
24 0.524932 0.803609 0.009134 0.030214
24 0.544187 0.858791 0.009627 0.030634
24 0.542582 0.820394 0.006418 0.027696
24 0.553814 0.805078 0.006665 0.027277
24 0.563811 0.802560 0.006912 0.028116
24 0.588497 0.840327 0.038015 0.018044
24 0.595655 0.805078 0.009380 0.031473
24 0.614169 0.858162 0.007899 0.030214
24 0.615157 0.818716 0.006418 0.026857
24 0.627006 0.813051 0.006912 0.027277
24 0.636633 0.807176 0.006912 0.028116
24 0.659220 0.840747 0.037768 0.017205
24 0.668724 0.807386 0.009380 0.031893
24 0.689089 0.792698 0.009134 0.019303
24 0.766107 0.812211 0.009627 0.028955
24 0.783140 0.764373 0.006665 0.028116
24 0.791039 0.761855 0.006665 0.028116
24 0.801530 0.796055 0.008887 0.039446
24 0.788200 0.849140 0.016292 0.012170
24 0.845347 0.875997 0.038262 0.018884
24 0.852012 0.900126 0.047149 0.019303
24 0.876327 0.768359 0.008887 0.040285
24 0.945569 0.804658 0.011108 0.065883
24 0.916934 0.887537 0.011108 0.027696
24 0.903727 0.866555 0.004443 0.013428
24 0.903727 0.921947 0.009874 0.017625
24 0.892989 0.938103 0.009134 0.031473
24 0.814737 0.939992 0.010615 0.039446
24 0.235991 0.934956 0.008393 0.021821
24 0.210072 0.935376 0.008887 0.020143
24 0.184522 0.936215 0.008640 0.020143
24 0.157739 0.935585 0.009380 0.022241
2 0.087139 0.211708 0.048877 0.138901
11 0.081585 0.287663 0.013577 0.014687
11 0.096396 0.288082 0.013577 0.013848
11 0.111577 0.272765 0.005431 0.018464
23 0.119230 0.242342 0.014317 0.036509
11 0.118489 0.275073 0.004443 0.013009
23 0.140336 0.222828 0.023451 0.056232
11 0.158233 0.225766 0.008393 0.024339
11 0.177117 0.187789 0.010121 0.011330
11 0.165762 0.246118 0.009627 0.010491
11 0.165391 0.283676 0.010368 0.010911
11 0.176993 0.159463 0.008887 0.024339
23 0.194890 0.182753 0.023451 0.055812
11 0.214021 0.202056 0.006912 0.018044
11 0.186991 0.249266 0.006665 0.017625
11 0.183535 0.300042 0.005184 0.018464
11 0.183535 0.330885 0.005678 0.018044
11 0.156505 0.353756 0.006418 0.017625
11 0.156258 0.330885 0.005431 0.018884
11 0.196988 0.288922 0.009874 0.012170
11 0.210565 0.276123 0.010862 0.012589
11 0.210565 0.289131 0.010368 0.010911
11 0.354234 0.137642 0.002962 0.013428
11 0.401382 0.160512 0.003950 0.021402
11 0.411133 0.163449 0.003209 0.013848
11 0.419279 0.159883 0.004690 0.020982
11 0.427672 0.163240 0.003209 0.013428
11 0.435448 0.162191 0.004443 0.021402
11 0.377685 0.219052 0.006912 0.005875
11 0.378302 0.255141 0.007159 0.006714
11 0.454332 0.166387 0.003703 0.012170
11 0.465194 0.179815 0.007159 0.024759
11 0.487534 0.101553 0.007406 0.005875
23 0.482227 0.116450 0.023451 0.017205
11 0.503209 0.115191 0.003703 0.013848
11 0.501975 0.150650 0.003209 0.014268
11 0.509010 0.114981 0.003456 0.014268
11 0.523574 0.115401 0.002962 0.015107
11 0.528758 0.115191 0.002962 0.013009
11 0.541224 0.120017 0.012589 0.010071
11 0.516663 0.091062 0.003456 0.012589
11 0.523081 0.091691 0.003950 0.013848
11 0.558627 0.207092 0.008393 0.005455
11 0.686621 0.135334 0.003703 0.013848
11 0.805233 0.212967 0.010368 0.012170
11 0.818934 0.213806 0.010121 0.011330
11 0.805604 0.226395 0.011108 0.011330
11 0.837694 0.202476 0.007159 0.018884
11 0.828684 0.252623 0.006418 0.017625
23 0.874229 0.318506 0.023945 0.056232
11 0.850407 0.295216 0.010862 0.010491
11 0.852506 0.343894 0.008640 0.023919
11 0.842878 0.343894 0.008640 0.024759
11 0.802024 0.300252 0.006912 0.018884
11 0.551592 0.251574 0.007652 0.006295
23 0.536411 0.317457 0.021229 0.083508
11 0.483584 0.263743 0.011849 0.008812
11 0.469761 0.326899 0.003950 0.020982
11 0.461244 0.325220 0.003209 0.012589
11 0.453345 0.324801 0.003209 0.012589
11 0.447174 0.325220 0.003703 0.013428
11 0.435942 0.325010 0.003950 0.013009
11 0.423229 0.324171 0.003703 0.013009
11 0.415206 0.333403 0.006418 0.025598
11 0.407430 0.323752 0.003209 0.013009
23 0.379166 0.334662 0.030116 0.075955
11 0.103308 0.447125 0.003703 0.013848
23 0.077388 0.485522 0.016045 0.064624
11 0.134905 0.462023 0.003209 0.013428
11 0.325845 0.447125 0.002962 0.013848
11 0.330783 0.447125 0.003456 0.013848
23 0.296470 0.477339 0.016292 0.065044
11 0.354357 0.442509 0.003209 0.013848
23 0.412120 0.485313 0.017033 0.064205
11 0.436189 0.412715 0.002962 0.013009
11 0.438163 0.442929 0.002962 0.013009
11 0.444088 0.442300 0.002962 0.013428
11 0.461244 0.435166 0.003209 0.015107
11 0.548753 0.449433 0.002962 0.013428
11 0.554308 0.449224 0.003209 0.013848
11 0.578129 0.440201 0.003456 0.014268
11 0.662182 0.445657 0.003209 0.013428
11 0.701185 0.597146 0.007652 0.006714
11 0.675389 0.571548 0.009380 0.035250
11 0.676623 0.618128 0.005431 0.021821
11 0.632807 0.570080 0.009134 0.034830
11 0.644902 0.651280 0.011602 0.010071
11 0.518267 0.571968 0.008146 0.035250
11 0.561219 0.571968 0.009134 0.036089
11 0.563071 0.618968 0.004937 0.020982
11 0.531597 0.651700 0.012096 0.010071
11 0.298198 0.574276 0.008887 0.033991
11 0.341027 0.574486 0.008640 0.035250
11 0.343002 0.620856 0.005678 0.020562
11 0.311651 0.654217 0.012096 0.010071
11 0.075660 0.573227 0.008640 0.035250
11 0.118736 0.573227 0.008887 0.035250
11 0.120464 0.619807 0.004937 0.021821
11 0.088744 0.653378 0.012589 0.010911
11 0.414095 0.573017 0.008640 0.035669
11 0.457418 0.572807 0.009380 0.034410
11 0.458899 0.619597 0.005431 0.021402
11 0.426685 0.653588 0.012589 0.010491
11 0.585658 0.605749 0.007652 0.006295
11 0.485065 0.609945 0.007406 0.006295
11 0.366206 0.601343 0.007652 0.005036
23 0.091459 0.706882 0.049124 0.035669
11 0.106023 0.733110 0.008146 0.006714
23 0.313009 0.708561 0.050358 0.036509
23 0.428660 0.706672 0.049124 0.036089
23 0.532831 0.705623 0.049617 0.036509
23 0.646260 0.705204 0.049371 0.035669
23 0.749198 0.766051 0.044927 0.053294
23 0.767588 0.691985 0.028882 0.075535
11 0.783387 0.745279 0.003703 0.013428
11 0.797087 0.761645 0.004443 0.021821
11 0.832017 0.653798 0.008146 0.005036
11 0.841027 0.708980 0.003456 0.013848
11 0.789805 0.840117 0.007159 0.006714
11 0.631943 0.826899 0.002962 0.013848
11 0.558751 0.824801 0.003209 0.013848
11 0.487904 0.823332 0.002715 0.014268
11 0.417058 0.818926 0.003209 0.013009
11 0.341767 0.817667 0.003209 0.013009
18 0.140829 0.282417 0.008146 0.024339
18 0.167736 0.225766 0.008640 0.024339
24 0.169464 0.210239 0.006665 0.008393
18 0.177487 0.226185 0.007899 0.023500
18 0.187114 0.226185 0.008887 0.024339
18 0.165391 0.271507 0.010368 0.010911
18 0.165638 0.258498 0.010368 0.010911
18 0.230314 0.226605 0.008887 0.025178
18 0.220933 0.226605 0.007899 0.024339
18 0.341027 0.249895 0.003703 0.015527
18 0.340903 0.268149 0.003456 0.012589
18 0.390151 0.218842 0.007652 0.006295
18 0.390397 0.226815 0.007652 0.006295
18 0.390397 0.243391 0.007159 0.005875
18 0.390644 0.250944 0.007159 0.005875
18 0.390768 0.259127 0.007899 0.005455
18 0.390891 0.266681 0.007159 0.006295
18 0.404221 0.184431 0.003209 0.012170
18 0.408541 0.184641 0.002962 0.014268
18 0.413108 0.184641 0.003209 0.013428
18 0.417304 0.184012 0.003209 0.013009
18 0.421501 0.184431 0.003209 0.013009
18 0.425944 0.184012 0.003209 0.014687
18 0.430264 0.185061 0.002962 0.015107
18 0.435201 0.184641 0.002962 0.014268
18 0.454332 0.186530 0.002715 0.014687
18 0.458282 0.186530 0.003703 0.013009
18 0.465070 0.138481 0.002962 0.013428
18 0.467539 0.217583 0.007899 0.005455
18 0.467539 0.223668 0.007406 0.005036
18 0.467786 0.252203 0.007406 0.006714
18 0.468033 0.259127 0.007899 0.006295
11 0.481856 0.223877 0.007406 0.005455
18 0.550975 0.203105 0.002962 0.013428
18 0.558381 0.199119 0.007899 0.006295
18 0.566527 0.203105 0.002962 0.012589
18 0.837571 0.225136 0.008393 0.023919
18 0.837448 0.249266 0.008640 0.024339
18 0.785855 0.275703 0.008640 0.024339
18 0.795359 0.275493 0.008887 0.023919
18 0.838188 0.300671 0.008640 0.023919
18 0.904345 0.241712 0.008640 0.024339
18 0.917058 0.249895 0.013824 0.013848
18 0.841521 0.428452 0.003456 0.013428
18 0.841027 0.519094 0.003950 0.013428
18 0.782646 0.477759 0.007159 0.005455
18 0.675882 0.449014 0.002962 0.013428
18 0.670081 0.453210 0.003209 0.012589
18 0.650704 0.434746 0.006912 0.005875
18 0.676376 0.488460 0.006418 0.023500
18 0.673537 0.514268 0.003209 0.013009
18 0.649840 0.507134 0.006171 0.024759
18 0.649593 0.474192 0.006171 0.025178
23 0.627499 0.483844 0.016292 0.062946
18 0.571464 0.439992 0.002962 0.013009
18 0.559738 0.447755 0.002715 0.013428
18 0.569859 0.490978 0.006171 0.025178
18 0.565416 0.515107 0.003209 0.013009
18 0.541224 0.477549 0.006665 0.024339
18 0.541224 0.508603 0.005678 0.024339
18 0.548877 0.427612 0.007652 0.005875
23 0.519625 0.483634 0.016292 0.064205
18 0.460627 0.484264 0.006912 0.024339
18 0.455813 0.460134 0.003209 0.012170
18 0.454949 0.434536 0.003456 0.013848
18 0.429400 0.453210 0.007159 0.005875
18 0.455073 0.510701 0.003209 0.012589
18 0.429400 0.508812 0.006665 0.025598
18 0.429153 0.475451 0.006171 0.024339
18 0.348679 0.442090 0.002715 0.012170
18 0.340533 0.442090 0.003209 0.012170
18 0.347075 0.487201 0.006912 0.023500
18 0.342755 0.513219 0.003209 0.013428
18 0.318810 0.508393 0.006171 0.024759
18 0.317576 0.476920 0.006171 0.024759
18 0.328808 0.425934 0.007899 0.006714
18 0.132560 0.514478 0.003456 0.014268
18 0.125154 0.490978 0.006418 0.025178
18 0.126265 0.461813 0.003209 0.013848
18 0.107628 0.447335 0.003456 0.015107
18 0.097137 0.473982 0.006665 0.024759
18 0.097013 0.506085 0.006418 0.024339
18 0.366329 0.592950 0.006912 0.005875
18 0.374599 0.596937 0.004196 0.021402
18 0.476549 0.606169 0.003209 0.013009
18 0.484819 0.602392 0.008393 0.005455
18 0.494199 0.606379 0.002962 0.012589
18 0.579240 0.600923 0.003209 0.012589
18 0.585905 0.597776 0.006171 0.006295
18 0.592693 0.601133 0.002962 0.012170
18 0.693286 0.592950 0.003209 0.015107
18 0.700938 0.589173 0.007159 0.005875
18 0.708344 0.592740 0.002715 0.012170
18 0.823747 0.648342 0.003456 0.012589
18 0.831893 0.644566 0.007406 0.005875
18 0.840039 0.648972 0.002962 0.013848
18 0.900025 0.596727 0.003456 0.013428
18 0.911503 0.596517 0.003209 0.013009
18 0.922982 0.596307 0.003456 0.013428
18 0.834732 0.709400 0.003209 0.014687
18 0.808813 0.706043 0.006171 0.025598
18 0.836954 0.784725 0.062454 0.069660
18 0.637127 0.826689 0.003456 0.013428
18 0.619970 0.826269 0.003209 0.013428
18 0.563935 0.824171 0.003209 0.015107
18 0.547519 0.825220 0.003456 0.014687
18 0.492841 0.823122 0.003209 0.013848
18 0.477413 0.824171 0.003456 0.013428
18 0.422241 0.818506 0.003209 0.013009
18 0.405455 0.819975 0.003209 0.012589
18 0.350778 0.817457 0.003950 0.013428
18 0.335596 0.818086 0.003209 0.013009
18 0.283017 0.820394 0.003209 0.014268
18 0.275858 0.830466 0.002715 0.013428
18 0.257838 0.718422 0.006665 0.025178
18 0.244261 0.718212 0.006665 0.024759
18 0.231671 0.719052 0.006171 0.024759
18 0.205011 0.718212 0.006171 0.024759
12 0.075907 0.352707 0.024438 0.022241
6 0.121081 0.325850 0.049617 0.086026
19 0.146630 0.168485 0.048383 0.052455
24 0.137497 0.215065 0.011849 0.007134
24 0.137003 0.226395 0.012343 0.016366
24 0.136880 0.239404 0.012589 0.009652
24 0.118613 0.241292 0.006665 0.015946
24 0.141570 0.282837 0.003703 0.010071
24 0.167490 0.226185 0.004196 0.009232
24 0.176746 0.224927 0.003950 0.009232
24 0.187238 0.225766 0.003209 0.009232
24 0.191928 0.186949 0.013083 0.017205
24 0.192915 0.175409 0.012096 0.008393
24 0.191187 0.200797 0.012589 0.009652
24 0.229943 0.225976 0.003703 0.008812
16 0.204641 0.226185 0.020242 0.022661
24 0.203653 0.225556 0.011355 0.010491
2 0.483955 0.159673 0.023945 0.059169
24 0.483955 0.158624 0.015058 0.039446
23 0.511479 0.228074 0.044927 0.049937
24 0.484819 0.244440 0.007899 0.013009
24 0.513700 0.227654 0.022710 0.030634
24 0.481363 0.115191 0.007406 0.011330
24 0.837941 0.224297 0.004196 0.008812
24 0.837818 0.249266 0.003950 0.009232
24 0.904468 0.241712 0.004443 0.011750
24 0.917675 0.250105 0.005678 0.008393
24 0.876203 0.318506 0.012096 0.010071
24 0.821649 0.317877 0.012096 0.009652
24 0.837941 0.301301 0.004196 0.010071
16 0.811528 0.275913 0.019995 0.022241
24 0.813379 0.276752 0.011849 0.009652
24 0.785732 0.275493 0.003456 0.011330
24 0.795853 0.275283 0.003456 0.007554
8 0.566774 0.313051 0.025673 0.078892
24 0.572822 0.321444 0.006171 0.043642
24 0.566897 0.325430 0.006171 0.036509
24 0.535917 0.312211 0.013330 0.038607
18 0.515922 0.319975 0.011849 0.046580
24 0.515675 0.318926 0.004443 0.015107
16 0.495186 0.322493 0.020242 0.055812
24 0.495186 0.321234 0.007899 0.025598
24 0.377808 0.337600 0.016045 0.042384
24 0.165021 0.271507 0.003703 0.005036
24 0.165515 0.258078 0.003703 0.005875
24 0.025426 0.261225 0.004937 0.071758
24 0.040360 0.287243 0.005678 0.019723
24 0.040607 0.231851 0.005184 0.013009
24 0.033325 0.221360 0.006912 0.006295
24 0.025796 0.339908 0.004196 0.034410
24 0.041348 0.340327 0.005184 0.035250
24 0.033449 0.318926 0.007159 0.007554
24 0.076277 0.481116 0.011355 0.022241
24 0.097260 0.473143 0.003950 0.011330
24 0.296347 0.474822 0.011108 0.020562
24 0.317452 0.477130 0.002962 0.010071
24 0.318810 0.507554 0.002715 0.010491
24 0.412244 0.482375 0.011355 0.022241
24 0.519131 0.480487 0.011355 0.021821
24 0.541471 0.508603 0.004196 0.010071
24 0.627993 0.480487 0.011355 0.020143
24 0.649716 0.505455 0.003950 0.011330
24 0.676500 0.488250 0.004196 0.011330
24 0.915330 0.682543 0.029129 0.013009
24 0.915206 0.625892 0.018514 0.010491
6 0.654777 0.560848 0.029869 0.054973
24 0.655270 0.560848 0.021970 0.044901
6 0.540114 0.562736 0.031103 0.055392
6 0.435942 0.563156 0.030610 0.055392
6 0.319304 0.565044 0.030857 0.054973
6 0.096766 0.562946 0.032091 0.055812
24 0.097754 0.562736 0.022217 0.044482
24 0.320291 0.563995 0.021970 0.043642
24 0.436929 0.562526 0.022217 0.044062
24 0.541965 0.560848 0.022464 0.043223
24 0.091953 0.707512 0.023451 0.025178
24 0.204888 0.718422 0.003950 0.010071
24 0.231548 0.718842 0.004443 0.010071
24 0.244384 0.719052 0.003950 0.007973
24 0.258084 0.718003 0.003703 0.009232
24 0.314490 0.710029 0.023698 0.024339
24 0.431005 0.707931 0.023698 0.025178
24 0.535423 0.705204 0.022710 0.024759
24 0.650086 0.704994 0.022957 0.023500
24 0.768946 0.689467 0.017280 0.039446
24 0.748827 0.766471 0.022957 0.026437
4 0.136633 0.261016 0.019008 0.018464
4 0.169835 0.300462 0.019748 0.019303
4 0.169835 0.330256 0.019748 0.018464
4 0.207233 0.304448 0.019008 0.018044
19 0.227104 0.195342 0.016292 0.023919
6 0.206986 0.255770 0.017033 0.027277
20 0.177857 0.252413 0.009134 0.023080
20 0.178228 0.279060 0.008393 0.023500
20 0.156381 0.255141 0.007159 0.019303
20 0.156258 0.274864 0.006912 0.017625
20 0.141076 0.359211 0.008146 0.014268
11 0.149469 0.327109 0.004690 0.013009
11 0.149469 0.344943 0.004690 0.012589
12 0.318810 0.306546 0.034806 0.060008
12 0.318687 0.208770 0.035547 0.063366
6 0.366082 0.163659 0.012836 0.061267
18 0.401876 0.300462 0.003950 0.013428
18 0.406196 0.301301 0.003209 0.015107
18 0.410146 0.301091 0.003209 0.013009
18 0.413972 0.300462 0.002962 0.012589
18 0.418168 0.300881 0.002962 0.012589
18 0.421995 0.300252 0.003703 0.014687
18 0.425944 0.300881 0.002715 0.013428
18 0.429647 0.300881 0.003209 0.013428
18 0.434214 0.300671 0.002962 0.012170
18 0.437917 0.300252 0.002962 0.013009
18 0.441866 0.300462 0.002962 0.013428
18 0.446063 0.300881 0.002469 0.014268
18 0.450012 0.300462 0.002962 0.014268
18 0.453345 0.300881 0.002715 0.013428
18 0.457665 0.300252 0.003456 0.013009
18 0.461491 0.300671 0.002715 0.013848
6 0.431992 0.240873 0.058257 0.079731
12 0.501851 0.271716 0.023204 0.022241
16 0.543076 0.153798 0.006418 0.023919
6 0.551592 0.231221 0.017033 0.028535
12 0.606270 0.247797 0.028141 0.115401
7 0.541842 0.088754 0.013330 0.042384
12 0.561960 0.091901 0.014071 0.041964
12 0.687361 0.113512 0.012096 0.019723
7 0.687608 0.083928 0.014071 0.041125
12 0.957665 0.251364 0.071834 0.123374
20 0.929153 0.241502 0.008393 0.023919
11 0.895211 0.249895 0.007159 0.007134
9 0.868551 0.237306 0.034313 0.064205
4 0.808936 0.198279 0.019255 0.017205
6 0.807702 0.245699 0.015799 0.027277
19 0.789188 0.306546 0.015799 0.025598
24 0.794248 0.293118 0.005678 0.011330
23 0.821032 0.317877 0.023204 0.054973
6 0.852999 0.315988 0.018020 0.023500
10 0.912491 0.499161 0.060973 0.101133
17 0.841274 0.392153 0.011355 0.046580
17 0.841397 0.482585 0.011602 0.046160
12 0.845347 0.567142 0.012589 0.022241
12 0.806468 0.505036 0.012836 0.039026
7 0.806591 0.546160 0.015058 0.040705
12 0.765243 0.460554 0.013330 0.176668
20 0.701308 0.546370 0.021229 0.042803
17 0.671563 0.416911 0.012096 0.048258
6 0.664034 0.487201 0.014811 0.045321
19 0.653666 0.413554 0.013824 0.023919
12 0.607875 0.493496 0.013083 0.041125
20 0.588373 0.547629 0.020489 0.041125
17 0.567514 0.406420 0.011849 0.048258
6 0.556529 0.491817 0.014564 0.046160
19 0.548013 0.409778 0.012343 0.025598
12 0.497161 0.492027 0.013824 0.041544
6 0.445816 0.483424 0.014317 0.047000
17 0.445816 0.403483 0.012343 0.047419
19 0.426932 0.434536 0.013577 0.026437
12 0.417798 0.388586 0.012096 0.021821
12 0.391755 0.494545 0.013330 0.041544
6 0.333745 0.486572 0.014811 0.046580
19 0.327327 0.406630 0.013824 0.026018
17 0.344853 0.406630 0.011849 0.047839
12 0.274500 0.488040 0.013824 0.042803
12 0.229696 0.468527 0.024932 0.023919
12 0.077512 0.424675 0.013824 0.041964
6 0.112071 0.487830 0.014317 0.045741
17 0.118613 0.431389 0.012096 0.047839
20 0.146630 0.545950 0.021229 0.042803
6 0.093434 0.619597 0.043693 0.054973
20 0.182671 0.606379 0.018267 0.028535
20 0.217230 0.607428 0.018267 0.028116
6 0.316095 0.621276 0.044187 0.054973
20 0.373488 0.543642 0.020736 0.041544
6 0.431745 0.619807 0.043940 0.055392
20 0.482844 0.546580 0.021723 0.042384
6 0.536287 0.618128 0.043693 0.054553
6 0.649963 0.617919 0.043446 0.054973
12 0.852752 0.696811 0.012589 0.023080
7 0.854480 0.729333 0.016539 0.040285
6 0.822513 0.708351 0.014811 0.046160
24 0.808936 0.706043 0.003456 0.011330
12 0.722661 0.692614 0.012096 0.038187
12 0.683905 0.710869 0.014071 0.039446
12 0.573068 0.709400 0.013083 0.040705
12 0.466058 0.712337 0.013330 0.041544
12 0.383486 0.743601 0.013577 0.024339
12 0.346828 0.714645 0.013330 0.039446
3 0.238460 0.753462 0.013330 0.024759
3 0.221057 0.753672 0.013577 0.025178
3 0.203036 0.753672 0.013083 0.025178
12 0.172303 0.719681 0.012836 0.039446
12 0.127993 0.713386 0.013577 0.039446
12 0.099482 0.798993 0.012836 0.025178
17 0.294001 0.803819 0.012343 0.045741
17 0.362503 0.803189 0.012589 0.047839
17 0.432486 0.802350 0.011849 0.048678
17 0.503086 0.806756 0.011355 0.046580
17 0.573932 0.808015 0.011849 0.046580
17 0.648235 0.809484 0.011355 0.047000
12 0.703160 0.882081 0.039250 0.173731
12 0.744384 0.880193 0.039250 0.174990
12 0.788941 0.917751 0.045421 0.123374
24 0.837571 0.947755 0.010862 0.027277
24 0.875957 0.949014 0.007159 0.024759
5 0.845470 0.837390 0.055789 0.058330
10 0.912244 0.812421 0.061466 0.104070
21 0.788941 0.800671 0.014811 0.043642
10 0.647741 0.898867 0.058257 0.102392
10 0.578623 0.898657 0.058257 0.100294
10 0.505924 0.897608 0.058504 0.101553
10 0.434214 0.896769 0.058257 0.100713
10 0.364478 0.898447 0.058010 0.101553
10 0.292767 0.897608 0.058257 0.100713
17 0.245989 0.916911 0.011602 0.047000
17 0.220193 0.916911 0.011355 0.047000
17 0.194890 0.917331 0.011602 0.047839
17 0.169217 0.917121 0.012096 0.047419
12 0.261664 0.127151 0.013824 0.025178
12 0.319304 0.056022 0.034806 0.059169
23 0.405579 0.087705 0.044927 0.049517
24 0.402617 0.083718 0.023698 0.029794
11 0.441866 0.082669 0.006418 0.024339
18 0.446186 0.045321 0.003209 0.014268
18 0.452357 0.045321 0.003703 0.014268
6 0.505678 0.087285 0.012096 0.023500
18 0.528758 0.030004 0.007406 0.007134
18 0.528635 0.036299 0.007652 0.005455
20 0.462725 0.044692 0.003209 0.013848
20 0.460750 0.019303 0.003703 0.014268
20 0.471365 0.027906 0.008640 0.006295
20 0.490743 0.033361 0.008887 0.009652
11 0.498149 0.025598 0.003456 0.010911
16 0.516292 0.114981 0.006171 0.024339
18 0.506048 0.022241 0.007406 0.005875
11 0.514317 0.026018 0.003209 0.011750
11 0.524315 0.023290 0.006418 0.006295
11 0.534930 0.022661 0.007406 0.005875
11 0.544063 0.022241 0.007406 0.005875
18 0.536287 0.032942 0.003209 0.012170
18 0.539743 0.032732 0.003209 0.011750
18 0.549864 0.031473 0.007652 0.005875
18 0.550235 0.038607 0.007406 0.005036
20 0.218711 0.718212 0.006418 0.026437
23 0.505554 0.057071 0.024192 0.017625
20 0.891138 0.336131 0.008393 0.013428
20 0.163293 0.201846 0.007652 0.014268
