24 0.090102 0.219914 0.039154 0.018949
24 0.120258 0.360871 0.007539 0.006316
24 0.121109 0.312666 0.005350 0.012965
24 0.121839 0.296376 0.006809 0.006316
24 0.099830 0.435505 0.009971 0.019282
24 0.121960 0.464761 0.009484 0.008644
24 0.330861 0.142620 0.016294 0.043883
24 0.338278 0.078624 0.009241 0.054854
24 0.412816 0.140126 0.009484 0.024934
24 0.426435 0.138464 0.007539 0.005652
24 0.425705 0.070312 0.007053 0.006316
24 0.444553 0.146609 0.015564 0.008644
24 0.498054 0.072473 0.007782 0.011303
24 0.508876 0.073305 0.007053 0.011636
24 0.509971 0.133311 0.007296 0.011303
24 0.500000 0.134142 0.008268 0.010971
24 0.586454 0.072640 0.007053 0.010306
24 0.598979 0.073305 0.006809 0.010971
24 0.596547 0.135140 0.007296 0.010971
24 0.585846 0.135140 0.006809 0.010971
24 0.585482 0.159408 0.107733 0.017620
24 0.674368 0.072307 0.007296 0.015625
24 0.684946 0.072972 0.007539 0.015625
24 0.684703 0.136636 0.007053 0.014628
24 0.674246 0.136636 0.007539 0.015957
24 0.763132 0.072640 0.007782 0.016290
24 0.763862 0.137467 0.006809 0.016290
24 0.828551 0.091589 0.046693 0.083444
24 0.931663 0.195645 0.010214 0.008311
24 0.930812 0.246842 0.008998 0.006316
24 0.845209 0.209608 0.009484 0.034242
24 0.855666 0.190824 0.008998 0.008644
24 0.855180 0.251828 0.008512 0.006316
24 0.851775 0.266622 0.009484 0.023271
24 0.893969 0.268617 0.031128 0.017287
24 0.900413 0.291057 0.006566 0.021609
24 0.889470 0.289727 0.007053 0.021609
24 0.926556 0.312666 0.005837 0.012965
24 0.926435 0.327626 0.005107 0.012965
24 0.825875 0.311336 0.011673 0.012301
24 0.826362 0.327793 0.012160 0.011968
24 0.709387 0.233045 0.010700 0.025931
24 0.766415 0.224734 0.026994 0.053191
24 0.633390 0.247673 0.008998 0.033910
24 0.662816 0.296875 0.007053 0.010638
24 0.612476 0.251164 0.007539 0.021609
24 0.604937 0.251164 0.007539 0.022274
24 0.574295 0.249501 0.007053 0.022274
24 0.567242 0.250166 0.006566 0.022939
24 0.631931 0.305851 0.015807 0.010638
24 0.561284 0.249834 0.006323 0.021609
24 0.554596 0.249668 0.006566 0.022606
24 0.540491 0.251164 0.007053 0.021609
24 0.528696 0.267121 0.009728 0.026263
24 0.512038 0.241356 0.009484 0.023936
24 0.517267 0.289229 0.005350 0.007979
24 0.490637 0.299202 0.011916 0.009309
24 0.490151 0.307680 0.015807 0.008976
24 0.414275 0.251330 0.012403 0.106383
24 0.388740 0.261968 0.011430 0.095080
24 0.401508 0.270944 0.011673 0.073803
24 0.230180 0.477726 0.011916 0.010638
24 0.273711 0.477892 0.011916 0.009641
24 0.388862 0.332945 0.012646 0.033577
24 0.401751 0.333610 0.011673 0.033577
24 0.398711 0.439993 0.009971 0.026928
24 0.411843 0.447806 0.006566 0.017287
24 0.411479 0.369348 0.006809 0.015957
24 0.420963 0.327128 0.007782 0.021277
24 0.430691 0.370512 0.010700 0.023604
24 0.434217 0.438830 0.009484 0.025266
24 0.473371 0.438165 0.009484 0.025931
24 0.438959 0.407580 0.007296 0.006649
24 0.461941 0.407912 0.007539 0.005984
24 0.444188 0.414229 0.007539 0.010638
24 0.483341 0.414727 0.007539 0.010971
24 0.487111 0.317819 0.012646 0.009973
24 0.437622 0.325133 0.006566 0.017952
24 0.441391 0.352560 0.007296 0.005652
24 0.467899 0.352394 0.005837 0.005984
24 0.458901 0.325632 0.017510 0.011636
24 0.474100 0.328125 0.007053 0.021277
24 0.468507 0.332779 0.005593 0.007979
24 0.483463 0.334940 0.012160 0.010306
24 0.489300 0.347906 0.015564 0.008976
24 0.475438 0.355219 0.011187 0.008976
24 0.473127 0.394116 0.006566 0.021609
24 0.487597 0.356051 0.011673 0.007979
24 0.486746 0.363697 0.015321 0.008644
24 0.486989 0.372174 0.015321 0.008311
24 0.488205 0.379987 0.011916 0.007979
24 0.488084 0.388132 0.012646 0.007646
24 0.502189 0.415060 0.012160 0.008976
24 0.522495 0.439827 0.007539 0.016622
24 0.546085 0.447806 0.006566 0.021277
24 0.566391 0.469249 0.006323 0.021609
24 0.572714 0.465093 0.005837 0.021941
24 0.587184 0.447307 0.006566 0.022939
24 0.584995 0.474568 0.006566 0.022274
24 0.597155 0.476729 0.006566 0.023936
24 0.606518 0.471243 0.007296 0.021609
24 0.622082 0.444481 0.008755 0.032580
24 0.629256 0.416722 0.015321 0.008311
24 0.631688 0.424701 0.007539 0.008311
24 0.648346 0.332281 0.015078 0.009641
24 0.662695 0.345080 0.016051 0.011303
24 0.647617 0.360871 0.016051 0.008976
24 0.646036 0.370678 0.015807 0.009309
24 0.643847 0.382646 0.015321 0.009309
24 0.653818 0.394448 0.015807 0.010306
24 0.691269 0.355219 0.015321 0.096077
24 0.719115 0.327460 0.009728 0.033245
24 0.742826 0.327128 0.009484 0.032580
24 0.715102 0.392453 0.008998 0.024934
24 0.739664 0.392453 0.009484 0.024269
24 0.768969 0.406250 0.009728 0.025266
24 0.777237 0.333444 0.008755 0.024601
24 0.793653 0.408910 0.009484 0.024601
24 0.786479 0.316157 0.009241 0.129654
24 0.810554 0.321144 0.012646 0.083112
24 0.848127 0.405751 0.015321 0.064162
24 0.860165 0.406582 0.008755 0.025266
24 0.854694 0.349069 0.007053 0.022606
24 0.867704 0.348238 0.006809 0.021609
24 0.870987 0.374668 0.007539 0.005984
24 0.895914 0.375499 0.006809 0.004322
24 0.870136 0.442154 0.007296 0.005319
24 0.900413 0.441656 0.006566 0.005652
24 0.881931 0.365858 0.006566 0.022274
24 0.888497 0.347407 0.007053 0.021941
24 0.898954 0.345745 0.007053 0.021277
24 0.904791 0.366855 0.006566 0.020279
24 0.911114 0.348404 0.006566 0.022606
24 0.925097 0.352892 0.009241 0.025598
24 0.920112 0.414727 0.014835 0.091423
24 0.883512 0.452793 0.007296 0.022606
24 0.914518 0.534242 0.007539 0.005319
24 0.887281 0.531416 0.005593 0.010971
24 0.880107 0.482547 0.006323 0.006981
24 0.891902 0.509309 0.006566 0.039894
24 0.902359 0.546875 0.019212 0.029255
24 0.883025 0.513298 0.007782 0.005319
24 0.878526 0.520612 0.004621 0.009309
24 0.872203 0.504488 0.004134 0.012301
24 0.864543 0.537400 0.006809 0.005652
6 0.858463 0.538896 0.004377 0.011303
24 0.864178 0.553690 0.006566 0.006981
24 0.846304 0.527926 0.004377 0.012633
6 0.852383 0.506150 0.005837 0.009641
24 0.846182 0.569481 0.004621 0.008644
24 0.823200 0.564495 0.004864 0.007979
6 0.830618 0.506483 0.006080 0.009641
24 0.822957 0.527593 0.004377 0.008644
24 0.819431 0.535406 0.005593 0.005652
24 0.809825 0.507646 0.003891 0.008644
24 0.806542 0.521110 0.004134 0.007646
24 0.825389 0.546210 0.004377 0.007979
24 0.819309 0.557015 0.005837 0.005652
24 0.804110 0.536070 0.004621 0.009641
24 0.804232 0.556682 0.004377 0.008976
24 0.762403 0.488364 0.009241 0.025931
24 0.745136 0.591755 0.012646 0.096410
24 0.726775 0.428856 0.011430 0.063165
24 0.750608 0.433511 0.012403 0.053191
24 0.715710 0.526097 0.011187 0.010971
24 0.691756 0.540891 0.009484 0.024601
24 0.715467 0.604222 0.011673 0.009641
24 0.678016 0.572141 0.010214 0.033910
24 0.671206 0.596576 0.024319 0.012965
24 0.642753 0.584441 0.009728 0.023936
24 0.625973 0.585439 0.009728 0.024601
24 0.610287 0.585938 0.009484 0.024269
24 0.593385 0.585938 0.010214 0.024269
24 0.575268 0.584608 0.009971 0.022274
24 0.555326 0.586935 0.010457 0.024934
24 0.529183 0.565326 0.009241 0.023604
24 0.590589 0.548039 0.006566 0.016290
24 0.583658 0.545711 0.006323 0.021609
24 0.577213 0.544215 0.006566 0.021277
24 0.570890 0.543717 0.006566 0.022274
24 0.564202 0.545213 0.006809 0.021277
24 0.549246 0.546543 0.006566 0.021277
24 0.562014 0.491024 0.006323 0.022606
24 0.548030 0.489362 0.007539 0.022606
24 0.516780 0.531250 0.009241 0.024601
24 0.494650 0.529422 0.008755 0.025598
24 0.513740 0.578624 0.007053 0.021609
24 0.498906 0.580286 0.006566 0.016290
24 0.489178 0.597906 0.006080 0.016290
24 0.475316 0.570312 0.006566 0.022274
24 0.468750 0.525931 0.011916 0.042553
24 0.458050 0.557015 0.006566 0.010971
24 0.458414 0.517952 0.006809 0.010638
24 0.424854 0.493019 0.006809 0.017287
24 0.417315 0.495013 0.007296 0.016622
24 0.399927 0.493351 0.006566 0.016622
24 0.382904 0.515957 0.007539 0.006649
24 0.394455 0.576961 0.006323 0.008976
24 0.381931 0.558677 0.009971 0.024934
24 0.319066 0.538398 0.011673 0.010971
24 0.294747 0.578956 0.009241 0.015625
24 0.298030 0.492852 0.008025 0.009641
24 0.279426 0.533411 0.018969 0.013630
24 0.285141 0.600399 0.018239 0.013963
24 0.228721 0.575465 0.009484 0.008644
24 0.223127 0.538231 0.004621 0.006649
24 0.218020 0.517786 0.005107 0.003657
24 0.207198 0.563664 0.005837 0.004987
24 0.186162 0.490858 0.006080 0.008311
24 0.178380 0.515791 0.007053 0.005652
24 0.174732 0.533910 0.008998 0.006649
24 0.158804 0.535904 0.004864 0.011968
24 0.197106 0.572141 0.004134 0.008644
24 0.118191 0.500831 0.006323 0.014960
24 0.040005 0.530253 0.011916 0.008644
24 0.062743 0.592088 0.006323 0.017287
24 0.062743 0.621842 0.005837 0.017620
24 0.076362 0.602227 0.004377 0.013630
24 0.093628 0.592420 0.009728 0.007314
6 0.097033 0.632979 0.005350 0.013298
24 0.110165 0.593251 0.003891 0.010306
24 0.126702 0.591922 0.003891 0.009641
24 0.135336 0.591257 0.008998 0.006316
24 0.151021 0.598737 0.004864 0.009309
24 0.158560 0.607547 0.007296 0.006981
24 0.189689 0.597739 0.004377 0.011968
24 0.172909 0.621343 0.009728 0.005984
24 0.173030 0.627660 0.009484 0.006649
24 0.188594 0.587766 0.004621 0.008644
24 0.199660 0.595745 0.004864 0.005984
24 0.220574 0.604721 0.003891 0.007979
24 0.220574 0.593916 0.004377 0.008311
24 0.197836 0.615359 0.004134 0.013298
24 0.191877 0.614528 0.003891 0.010306
24 0.191634 0.635971 0.004377 0.009973
24 0.167194 0.654089 0.004134 0.010306
24 0.152602 0.663730 0.008998 0.006981
24 0.108341 0.660904 0.004134 0.003324
24 0.213035 0.654920 0.004377 0.021277
6 0.198079 0.654588 0.025049 0.020612
24 0.245501 0.640293 0.008512 0.025266
24 0.268482 0.640293 0.009241 0.023936
24 0.285019 0.618517 0.018482 0.012965
24 0.319188 0.616689 0.010944 0.008644
24 0.290248 0.663564 0.009484 0.015293
2 0.346425 0.607214 0.011916 0.072141
24 0.410992 0.664229 0.009241 0.016622
24 0.439567 0.611868 0.021644 0.033577
24 0.457442 0.628657 0.009241 0.016622
24 0.468628 0.654588 0.006323 0.015957
24 0.485409 0.654255 0.006323 0.016622
24 0.487476 0.619681 0.005107 0.007979
24 0.499878 0.625665 0.011916 0.009309
24 0.505958 0.647274 0.015321 0.009309
24 0.509120 0.670047 0.015321 0.008976
24 0.525292 0.669548 0.015564 0.009973
24 0.519212 0.632314 0.015564 0.008644
24 0.534776 0.627161 0.015078 0.009641
24 0.549611 0.627327 0.014591 0.009973
24 0.539883 0.662400 0.015078 0.008976
24 0.555326 0.658743 0.015321 0.008976
24 0.562743 0.687334 0.015564 0.009641
24 0.678137 0.624003 0.009484 0.033245
24 0.690905 0.645445 0.009241 0.016290
24 0.770914 0.617354 0.003405 0.009309
24 0.780277 0.612699 0.006080 0.006649
24 0.786479 0.582114 0.006323 0.006649
24 0.795963 0.578457 0.003891 0.010638
24 0.806542 0.604056 0.003648 0.010638
24 0.799368 0.629820 0.006323 0.006316
24 0.810798 0.612201 0.004377 0.019614
24 0.815905 0.629488 0.005837 0.005652
24 0.822836 0.651928 0.004621 0.008644
24 0.824781 0.591257 0.004621 0.009641
24 0.824416 0.609707 0.004377 0.008644
24 0.824052 0.622174 0.004621 0.008976
24 0.844844 0.597241 0.003891 0.010306
24 0.853478 0.609043 0.009484 0.006649
24 0.869893 0.623836 0.007296 0.005652
24 0.884484 0.614694 0.008268 0.010638
24 0.892510 0.605053 0.004864 0.013298
24 0.910627 0.634641 0.006566 0.011968
6 0.882661 0.652094 0.008025 0.006316
24 0.889835 0.653757 0.004377 0.012965
24 0.882661 0.709774 0.004134 0.009309
24 0.840224 0.712434 0.003891 0.009309
24 0.839737 0.687334 0.008755 0.024269
24 0.821620 0.709940 0.004134 0.010306
24 0.777237 0.710605 0.003405 0.009641
24 0.776386 0.687999 0.009484 0.024934
24 0.735895 0.729721 0.008268 0.025266
24 0.724100 0.753158 0.009484 0.024269
24 0.565418 0.713597 0.006809 0.022274
24 0.561649 0.759309 0.007053 0.021277
24 0.404669 0.712267 0.005837 0.016955
24 0.384120 0.692487 0.006566 0.016622
24 0.383390 0.710106 0.006080 0.016622
24 0.396401 0.725066 0.006809 0.016622
24 0.400292 0.744515 0.006323 0.016290
24 0.391415 0.740193 0.007053 0.015625
24 0.390686 0.755319 0.006566 0.015293
24 0.401994 0.761968 0.006323 0.015293
24 0.374027 0.733876 0.006809 0.016955
24 0.375000 0.751164 0.006323 0.015625
24 0.375486 0.768783 0.006323 0.015625
24 0.399562 0.789561 0.006809 0.015957
24 0.375730 0.783411 0.011673 0.008976
24 0.381688 0.795379 0.006080 0.014960
24 0.233585 0.681516 0.009484 0.016622
24 0.226167 0.717254 0.007782 0.009641
24 0.175705 0.715924 0.008025 0.009641
24 0.151021 0.717420 0.008268 0.009973
24 0.104815 0.718584 0.007782 0.009641
24 0.104086 0.810339 0.008268 0.010306
24 0.104572 0.838597 0.007782 0.010306
24 0.151508 0.809840 0.007296 0.010638
24 0.151751 0.837932 0.008268 0.009641
24 0.177651 0.810672 0.008512 0.010306
24 0.178016 0.839096 0.008755 0.010638
24 0.224708 0.810173 0.007782 0.009973
24 0.225195 0.838265 0.008755 0.008976
24 0.236625 0.838431 0.011187 0.125665
24 0.281615 0.869847 0.012160 0.093418
24 0.319674 0.799202 0.011916 0.010638
24 0.295112 0.833943 0.009484 0.015625
24 0.318580 0.877493 0.011673 0.009641
24 0.294018 0.918551 0.009728 0.015957
24 0.347398 0.848072 0.018726 0.012633
24 0.351289 0.866356 0.008512 0.024601
24 0.347641 0.886137 0.016780 0.013630
24 0.383025 0.812334 0.007296 0.016955
24 0.395063 0.835771 0.006566 0.016622
24 0.436649 0.893285 0.006566 0.021277
24 0.375000 0.914395 0.008755 0.023604
24 0.428502 0.918883 0.006809 0.009973
24 0.449416 0.919215 0.006323 0.021941
24 0.457806 0.917055 0.007053 0.022274
24 0.452699 0.887134 0.014835 0.010306
24 0.472398 0.877161 0.015321 0.009641
24 0.477018 0.895445 0.014835 0.010306
24 0.501946 0.874668 0.014591 0.008644
24 0.505837 0.889295 0.006323 0.014628
24 0.487111 0.906250 0.006323 0.015957
24 0.485530 0.923371 0.006080 0.016290
24 0.494042 0.896941 0.006566 0.009973
24 0.515321 0.890126 0.006323 0.016290
24 0.515443 0.901097 0.005593 0.007646
24 0.512768 0.921210 0.006080 0.014628
24 0.518969 0.921709 0.005837 0.014295
24 0.526873 0.928025 0.006566 0.016290
24 0.529304 0.874834 0.010944 0.008311
24 0.543288 0.874501 0.015078 0.008976
24 0.525413 0.897773 0.013862 0.008976
24 0.525049 0.906749 0.015078 0.008976
24 0.535263 0.904089 0.006323 0.020944
24 0.541586 0.904754 0.006323 0.021609
24 0.559217 0.888132 0.015321 0.009641
24 0.559095 0.897440 0.015564 0.009641
24 0.468142 0.939661 0.017023 0.012301
24 0.487111 0.937001 0.007296 0.008976
24 0.492583 0.947640 0.005593 0.007646
24 0.596668 0.845412 0.010944 0.157580
24 0.608098 0.850399 0.010944 0.145612
24 0.618920 0.861037 0.011187 0.126330
24 0.641659 0.790226 0.023103 0.099069
24 0.689932 0.795379 0.040856 0.171210
24 0.722884 0.850731 0.012403 0.065160
24 0.757174 0.833112 0.011916 0.137633
24 0.775657 0.803025 0.008025 0.010971
24 0.837549 0.804521 0.007782 0.009973
24 0.822714 0.801031 0.007782 0.009641
24 0.883755 0.801363 0.008755 0.010306
24 0.776873 0.827626 0.008025 0.010306
24 0.836697 0.829953 0.008025 0.009641
24 0.823322 0.829289 0.008512 0.010306
24 0.884120 0.829455 0.008025 0.009973
24 0.775049 0.924535 0.008268 0.010638
24 0.836333 0.924202 0.007782 0.011968
24 0.822349 0.920711 0.008025 0.010306
24 0.885092 0.920213 0.005107 0.009309
24 0.704767 0.918717 0.031128 0.017620
24 0.704402 0.947972 0.030885 0.016955
24 0.667923 0.913398 0.009484 0.024934
24 0.675219 0.978723 0.007539 0.022606
24 0.571255 0.971576 0.010214 0.017620
24 0.557393 0.962600 0.009241 0.023604
24 0.546328 0.982879 0.008512 0.015625
24 0.545598 0.965259 0.011916 0.008976
24 0.506080 0.974235 0.006323 0.016290
24 0.497568 0.969914 0.006809 0.010971
24 0.457198 0.962932 0.006323 0.021609
24 0.439324 0.946975 0.007053 0.016955
24 0.462062 0.986203 0.006323 0.015625
24 0.450389 0.972739 0.006809 0.015957
24 0.433731 0.972074 0.006566 0.016622
24 0.425340 0.971908 0.005837 0.016290
24 0.417315 0.971576 0.007296 0.016290
24 0.408925 0.973072 0.007053 0.016622
24 0.391172 0.990525 0.007053 0.016290
24 0.348249 0.969914 0.006323 0.016290
24 0.340832 0.948803 0.006080 0.021941
24 0.334630 0.948305 0.006323 0.021609
24 0.328794 0.950964 0.005837 0.016290
24 0.322836 0.950632 0.006080 0.016290
24 0.316877 0.950299 0.006323 0.016290
24 0.311406 0.949634 0.005593 0.015625
24 0.305691 0.949468 0.005837 0.015957
24 0.299611 0.949967 0.005837 0.015625
24 0.293774 0.949468 0.006323 0.015957
24 0.287938 0.949634 0.005837 0.015625
24 0.273225 0.964594 0.008998 0.024934
24 0.250243 0.958777 0.008755 0.023271
24 0.224222 0.950299 0.009241 0.016290
24 0.223249 0.929688 0.003405 0.009641
24 0.179475 0.930685 0.004864 0.009641
24 0.147982 0.929189 0.003161 0.009973
24 0.150413 0.949302 0.009484 0.016290
24 0.105545 0.930186 0.004377 0.009973
12 0.072714 0.327128 0.089008 0.196809
24 0.173881 0.023271 0.012160 0.011968
24 0.218264 0.023936 0.010944 0.009309
24 0.261795 0.034408 0.040126 0.021609
21 0.217656 0.439993 0.105545 0.032912
13 0.212913 0.241190 0.202578 0.459774
12 0.592169 0.104056 0.403696 0.050532
12 0.897009 0.223570 0.077091 0.064162
12 0.878161 0.319315 0.090467 0.033577
12 0.852140 0.208444 0.003405 0.011303
18 0.905399 0.293551 0.002918 0.009973
18 0.894820 0.293717 0.002675 0.009641
10 0.734193 0.230552 0.034533 0.046875
18 0.905399 0.342586 0.002918 0.008976
18 0.899319 0.366356 0.003405 0.009973
18 0.882296 0.342420 0.002918 0.009309
18 0.877310 0.364362 0.002675 0.009973
18 0.872325 0.342088 0.002432 0.009973
18 0.861138 0.342420 0.002918 0.009309
20 0.916221 0.349069 0.003161 0.010638
18 0.876946 0.446809 0.003405 0.010638
8 0.889227 0.407746 0.045963 0.060838
18 0.750243 0.335771 0.002918 0.009973
18 0.725803 0.336935 0.003161 0.009641
7 0.766051 0.330951 0.013619 0.035572
17 0.750851 0.367188 0.011430 0.036902
17 0.725681 0.366855 0.011673 0.037566
12 0.780885 0.411403 0.012646 0.017620
23 0.653575 0.261469 0.028940 0.060173
24 0.654669 0.256483 0.016051 0.030253
18 0.629499 0.313996 0.007539 0.004987
11 0.631566 0.333943 0.007296 0.004987
11 0.612232 0.272274 0.004621 0.016622
11 0.606153 0.273770 0.003161 0.010306
11 0.572592 0.272606 0.004134 0.016622
11 0.566269 0.275266 0.002675 0.009973
11 0.561649 0.275266 0.003161 0.010638
11 0.554718 0.271277 0.006323 0.019947
11 0.543045 0.270612 0.003891 0.015957
23 0.512524 0.270778 0.009971 0.031582
24 0.512524 0.268118 0.006080 0.013630
11 0.506566 0.301031 0.007296 0.004987
11 0.500122 0.324967 0.013862 0.008976
11 0.506809 0.334608 0.007782 0.004987
11 0.503769 0.359209 0.007053 0.004987
23 0.455618 0.339262 0.023103 0.014295
11 0.503648 0.376496 0.006809 0.004987
11 0.503891 0.383477 0.007296 0.005652
11 0.471425 0.343418 0.003161 0.011303
11 0.476654 0.343750 0.003405 0.010638
11 0.501946 0.403258 0.012160 0.007314
20 0.417437 0.446144 0.003648 0.011968
2 0.452943 0.379820 0.032831 0.047540
11 0.020793 0.541722 0.006566 0.014960
11 0.020428 0.619016 0.006809 0.014628
11 0.085482 0.601729 0.013862 0.011968
11 0.100195 0.602061 0.013132 0.011303
11 0.115151 0.589594 0.006080 0.014295
11 0.122446 0.591922 0.005107 0.010306
23 0.122811 0.565492 0.015078 0.029255
23 0.143847 0.550698 0.023103 0.045545
24 0.155277 0.551862 0.005107 0.013298
11 0.160749 0.553025 0.008268 0.019614
11 0.179718 0.500499 0.008755 0.019614
11 0.179961 0.522606 0.010700 0.009309
11 0.189689 0.571809 0.006323 0.014628
23 0.197471 0.519448 0.023346 0.046210
11 0.216318 0.534408 0.006080 0.014960
11 0.168653 0.568650 0.009971 0.010306
11 0.168410 0.598737 0.010457 0.009309
11 0.186406 0.611203 0.006566 0.014295
11 0.199416 0.603059 0.010214 0.009309
11 0.212427 0.603059 0.010944 0.009309
11 0.212670 0.593085 0.010944 0.010638
23 0.272009 0.505652 0.044018 0.039894
23 0.500973 0.613032 0.023346 0.014628
11 0.501581 0.599734 0.007539 0.004654
11 0.502189 0.590592 0.007782 0.004987
23 0.453551 0.449634 0.029183 0.060838
23 0.492096 0.449967 0.028940 0.060838
11 0.528818 0.438830 0.003648 0.009973
11 0.558487 0.445977 0.006566 0.019614
11 0.566148 0.443650 0.003405 0.010971
11 0.570768 0.441157 0.003405 0.009973
11 0.604572 0.449634 0.006323 0.019614
11 0.626946 0.409907 0.007296 0.003989
23 0.641415 0.459441 0.029912 0.061170
11 0.554353 0.526430 0.006566 0.019614
11 0.565418 0.525765 0.004377 0.016290
11 0.571133 0.521775 0.003648 0.010306
11 0.576119 0.521443 0.003405 0.010971
11 0.581590 0.526097 0.004621 0.016955
11 0.591926 0.527427 0.006323 0.018949
11 0.819917 0.507480 0.010457 0.009641
11 0.813959 0.520279 0.010700 0.008644
24 0.848249 0.512965 0.005837 0.006649
11 0.841561 0.507314 0.009484 0.008644
11 0.841318 0.522773 0.006080 0.014295
23 0.862962 0.499335 0.014348 0.029255
11 0.852991 0.524435 0.008512 0.018949
11 0.841318 0.569315 0.006080 0.014960
11 0.819553 0.550366 0.006809 0.006981
11 0.834144 0.546210 0.007296 0.007314
11 0.819553 0.541722 0.007296 0.006981
11 0.881323 0.505485 0.011187 0.009641
11 0.914883 0.523604 0.006809 0.015293
23 0.906372 0.608045 0.023346 0.044548
11 0.899319 0.637134 0.013132 0.012301
11 0.899562 0.651430 0.013619 0.011636
11 0.869650 0.633810 0.006323 0.014295
23 0.853964 0.634475 0.022617 0.043551
23 0.833901 0.622340 0.014591 0.029255
11 0.801678 0.604056 0.006080 0.014628
11 0.840102 0.596908 0.006566 0.014960
11 0.801800 0.577959 0.006323 0.014295
11 0.814202 0.571476 0.010214 0.008644
11 0.186162 0.635805 0.007053 0.014960
11 0.152602 0.647773 0.004621 0.009641
11 0.159411 0.635472 0.006080 0.015625
11 0.152602 0.632979 0.005107 0.009973
11 0.159290 0.654089 0.006323 0.014960
11 0.540370 0.880319 0.007296 0.004654
11 0.531128 0.879654 0.007296 0.004654
11 0.520428 0.880818 0.007296 0.003657
11 0.510336 0.882812 0.003161 0.010306
11 0.494650 0.882979 0.003405 0.010638
23 0.501946 0.907746 0.023346 0.012965
11 0.352748 0.971243 0.003161 0.010306
23 0.402845 0.931848 0.044504 0.041223
11 0.439324 0.927693 0.006080 0.019614
23 0.479086 0.953790 0.022860 0.013963
11 0.484801 0.942653 0.007053 0.004987
11 0.505107 0.952793 0.002918 0.009973
11 0.499635 0.952959 0.003161 0.011636
11 0.513011 0.934009 0.002675 0.012301
11 0.519334 0.934840 0.003161 0.010638
11 0.524805 0.953291 0.002918 0.010306
11 0.519820 0.953291 0.003648 0.010306
18 0.502675 0.314328 0.008268 0.004987
18 0.258147 0.477227 0.007053 0.004987
18 0.438108 0.343916 0.003648 0.010306
18 0.503891 0.353225 0.007296 0.004987
18 0.503769 0.365359 0.007053 0.005319
18 0.503769 0.370678 0.007539 0.004654
18 0.552651 0.474900 0.003648 0.010306
18 0.558244 0.474734 0.003161 0.011303
18 0.579888 0.474402 0.003161 0.011303
18 0.581226 0.445312 0.003405 0.010971
18 0.591318 0.473903 0.003161 0.010971
23 0.642267 0.347739 0.022860 0.015293
11 0.629256 0.362035 0.007539 0.005319
11 0.629134 0.367852 0.007296 0.004987
11 0.627554 0.382979 0.007053 0.005319
11 0.636552 0.394116 0.013862 0.009641
18 0.880715 0.490858 0.013862 0.011636
18 0.872568 0.524601 0.008268 0.018617
18 0.862840 0.524435 0.007782 0.019614
18 0.810798 0.535073 0.008268 0.017620
18 0.810676 0.556184 0.008512 0.019282
18 0.779426 0.599235 0.008755 0.018949
18 0.818580 0.609707 0.008268 0.017952
18 0.513254 0.596410 0.003648 0.009309
18 0.480545 0.574634 0.002918 0.010971
18 0.232004 0.553191 0.008755 0.018617
18 0.223371 0.553358 0.008998 0.019614
18 0.189689 0.552859 0.008268 0.019282
18 0.179961 0.552360 0.008268 0.018285
18 0.170477 0.553025 0.009241 0.018949
24 0.172179 0.540226 0.006809 0.005319
18 0.144090 0.597906 0.008025 0.020279
18 0.168045 0.589096 0.009728 0.008644
18 0.168288 0.579122 0.010214 0.008644
18 0.297787 0.600565 0.005107 0.011636
18 0.297422 0.614029 0.003891 0.011303
18 0.405034 0.494348 0.003161 0.009309
18 0.412087 0.495013 0.002675 0.009309
18 0.686284 0.595080 0.003405 0.009973
18 0.829888 0.646775 0.008512 0.018949
18 0.803867 0.642453 0.008025 0.018285
18 0.546814 0.638298 0.007053 0.004654
18 0.533560 0.639960 0.006809 0.004654
18 0.551921 0.665891 0.007053 0.003989
18 0.558001 0.694648 0.007053 0.004322
18 0.539154 0.668384 0.007782 0.004987
18 0.522130 0.639129 0.007782 0.004322
18 0.516902 0.650598 0.007053 0.004654
18 0.526265 0.661403 0.008268 0.004987
18 0.513497 0.660904 0.007539 0.005319
11 0.492339 0.655585 0.006566 0.019282
11 0.473735 0.655086 0.004864 0.016955
18 0.560554 0.708943 0.003405 0.010306
18 0.556177 0.751330 0.002918 0.011303
18 0.545598 0.887134 0.007539 0.004987
18 0.545720 0.892287 0.007296 0.004654
18 0.525049 0.885638 0.006809 0.004654
18 0.524927 0.890625 0.007053 0.003989
18 0.502675 0.879820 0.007296 0.004322
18 0.449416 0.897440 0.002918 0.009641
18 0.443093 0.897274 0.002918 0.009973
18 0.343750 0.865858 0.003161 0.010306
18 0.462305 0.971908 0.002918 0.009641
11 0.680447 0.968750 0.002918 0.008644
18 0.417437 0.371842 0.003648 0.009641
7 0.416342 0.410572 0.013619 0.036569
12 0.416829 0.386636 0.013132 0.012633
12 0.427772 0.342088 0.013132 0.017952
6 0.566999 0.357547 0.101897 0.141955
24 0.558609 0.356715 0.057393 0.101064
24 0.454767 0.337932 0.010214 0.008976
24 0.456347 0.379987 0.005593 0.015293
24 0.448930 0.390126 0.004864 0.008311
24 0.643482 0.346908 0.009728 0.009641
24 0.642753 0.460771 0.017996 0.031915
24 0.492704 0.450465 0.017023 0.031915
24 0.452943 0.450133 0.016294 0.031915
18 0.477505 0.389794 0.002675 0.010306
20 0.246839 0.476729 0.007296 0.005319
24 0.268482 0.503989 0.023346 0.023271
10 0.039883 0.506815 0.044261 0.038896
24 0.030764 0.580120 0.005107 0.059840
24 0.038303 0.548205 0.008025 0.005319
24 0.045841 0.556516 0.004621 0.009973
24 0.045841 0.601230 0.005107 0.016290
2 0.089616 0.540060 0.048881 0.110040
24 0.090589 0.538231 0.024562 0.059840
19 0.147252 0.507148 0.052286 0.040226
19 0.228964 0.528923 0.016294 0.019947
24 0.193945 0.510638 0.011430 0.005319
24 0.194674 0.519614 0.011916 0.013298
24 0.195282 0.530419 0.011673 0.008311
24 0.140564 0.561336 0.011673 0.008311
24 0.140686 0.550199 0.011916 0.013298
24 0.140443 0.540891 0.011430 0.005319
24 0.232247 0.553025 0.004377 0.007646
24 0.222884 0.552859 0.004134 0.007979
16 0.206834 0.553191 0.020671 0.019282
24 0.206347 0.554521 0.011916 0.007979
24 0.190054 0.552859 0.003648 0.007314
24 0.170355 0.552527 0.003648 0.007314
24 0.179839 0.553025 0.003648 0.006981
6 0.209630 0.576463 0.015078 0.021277
20 0.166464 0.533577 0.007539 0.011303
18 0.180569 0.584109 0.008512 0.014628
20 0.181177 0.567819 0.008268 0.007314
20 0.180934 0.600399 0.008268 0.007314
20 0.159655 0.576297 0.006080 0.014295
20 0.159898 0.592088 0.006080 0.014628
24 0.031250 0.642453 0.004621 0.026263
24 0.046206 0.643617 0.004864 0.027926
12 0.078429 0.652427 0.024076 0.018949
6 0.124514 0.631649 0.049125 0.067154
20 0.143969 0.658411 0.008755 0.011636
12 0.318458 0.568816 0.034776 0.049202
12 0.318701 0.645445 0.034776 0.048205
20 0.420598 0.537068 0.067850 0.062168
20 0.429718 0.495180 0.002918 0.011636
12 0.505958 0.532414 0.012889 0.018949
12 0.530520 0.544049 0.013375 0.018285
12 0.555447 0.564162 0.014591 0.018617
12 0.574781 0.563664 0.013862 0.019614
12 0.593142 0.564661 0.014105 0.018285
12 0.609314 0.564993 0.012889 0.020279
12 0.626459 0.564495 0.013619 0.019282
12 0.643604 0.564661 0.013375 0.018949
12 0.715710 0.556350 0.034533 0.046875
20 0.686041 0.579787 0.004377 0.017287
20 0.685919 0.611203 0.004621 0.017620
12 0.715102 0.632646 0.034776 0.048537
6 0.822349 0.491190 0.018239 0.018949
6 0.844358 0.491523 0.018482 0.018285
24 0.822592 0.491024 0.003161 0.013963
24 0.844115 0.491024 0.003405 0.013963
24 0.880593 0.490525 0.004377 0.005652
21 0.905764 0.508311 0.022130 0.047207
20 0.881323 0.530585 0.008268 0.011968
24 0.872811 0.523770 0.003405 0.008311
24 0.863692 0.524102 0.003648 0.006981
16 0.830739 0.527094 0.013132 0.028258
6 0.847641 0.545379 0.017753 0.018949
24 0.810554 0.535406 0.003405 0.006981
24 0.811406 0.556184 0.003648 0.006649
4 0.172422 0.611868 0.018969 0.014960
4 0.172301 0.635472 0.019212 0.013630
4 0.209630 0.615027 0.018482 0.013963
4 0.140443 0.580785 0.018726 0.013963
24 0.143726 0.598404 0.004377 0.007979
24 0.168166 0.588930 0.003648 0.004987
24 0.168410 0.578790 0.003161 0.003989
12 0.256201 0.641124 0.012403 0.018285
24 0.501338 0.612201 0.008512 0.008976
2 0.468507 0.603059 0.034776 0.032580
24 0.468750 0.602726 0.022130 0.020612
19 0.816391 0.642453 0.016051 0.020279
24 0.778940 0.598903 0.003891 0.007646
16 0.790856 0.599235 0.013132 0.028923
24 0.791950 0.599069 0.005107 0.015293
3 0.813594 0.587766 0.014835 0.021941
16 0.831469 0.564495 0.013619 0.027926
4 0.831469 0.592753 0.009241 0.025931
24 0.804110 0.642287 0.003648 0.008644
24 0.830253 0.646941 0.003891 0.006649
24 0.835360 0.621011 0.007296 0.013963
24 0.855666 0.634641 0.011916 0.006649
24 0.908560 0.607048 0.012160 0.006649
6 0.882782 0.638132 0.017510 0.019614
16 0.864543 0.580618 0.028696 0.048205
12 0.861746 0.817985 0.034290 0.252327
12 0.800584 0.817487 0.035019 0.251995
12 0.726046 0.731051 0.014835 0.021277
12 0.680934 0.954289 0.012646 0.013630
7 0.681177 0.929189 0.014591 0.037234
12 0.557150 0.935007 0.015078 0.034242
6 0.480545 0.772939 0.143482 0.196809
24 0.483098 0.774269 0.076119 0.103059
20 0.389470 0.690824 0.003161 0.011303
20 0.392388 0.712932 0.003161 0.010971
20 0.399927 0.714927 0.004134 0.011636
20 0.392145 0.725233 0.003648 0.011636
20 0.382174 0.732214 0.003648 0.011636
20 0.395306 0.740525 0.003161 0.012301
20 0.383147 0.755319 0.004134 0.011968
20 0.383755 0.770113 0.003891 0.012301
20 0.395914 0.754156 0.003891 0.011636
20 0.395671 0.765791 0.003405 0.010971
20 0.399562 0.774102 0.003405 0.010971
20 0.393604 0.776430 0.004134 0.012301
20 0.387768 0.783245 0.008512 0.004654
20 0.395428 0.789229 0.003405 0.011968
20 0.390199 0.797374 0.004134 0.012301
20 0.397617 0.805186 0.003891 0.012633
20 0.391780 0.813165 0.003891 0.013298
20 0.398225 0.822307 0.003648 0.012965
20 0.334144 0.867354 0.013132 0.015957
12 0.318701 0.829621 0.034290 0.047540
12 0.318215 0.905918 0.035263 0.048537
12 0.261065 0.963265 0.013862 0.019614
12 0.126702 0.823471 0.035992 0.257314
12 0.201362 0.823803 0.034533 0.255984
24 0.400413 0.932181 0.023103 0.026596
11 0.399441 0.989029 0.004134 0.017287
11 0.409047 0.991855 0.002918 0.011636
11 0.416707 0.988697 0.005107 0.016622
11 0.424976 0.990691 0.003648 0.010638
11 0.433001 0.990525 0.004134 0.016955
11 0.451362 0.993351 0.002918 0.009973
11 0.498298 0.981549 0.003405 0.009641
20 0.459995 0.897773 0.003161 0.012301
20 0.457806 0.877161 0.003161 0.010971
20 0.468020 0.884309 0.008025 0.005319
20 0.487840 0.888630 0.008755 0.004654
24 0.478113 0.954122 0.007782 0.008644
6 0.501824 0.931350 0.012403 0.019614
24 0.501824 0.932347 0.004134 0.014295
18 0.532223 0.887965 0.002675 0.009973
18 0.535992 0.887799 0.002918 0.010306
11 0.537573 0.957447 0.012403 0.006649
7 0.537087 0.936004 0.012889 0.036237
16 0.538789 0.984043 0.006566 0.019282
24 0.891902 0.407580 0.038667 0.052527
20 0.889105 0.620678 0.007782 0.011968
20 0.447957 0.274102 0.036479 0.050864
