17 0.072750 0.355200 0.041000 0.035200
17 0.072875 0.393400 0.041250 0.034800
17 0.073500 0.431600 0.042000 0.035200
17 0.073250 0.469000 0.042500 0.037200
17 0.073125 0.506800 0.041750 0.036000
17 0.073000 0.544200 0.042000 0.036400
17 0.073500 0.581600 0.042000 0.036800
17 0.073375 0.619000 0.041750 0.037200
12 0.074500 0.809000 0.115500 0.209200
10 0.131750 0.492000 0.039000 0.112800
18 0.183000 0.431400 0.012000 0.049200
18 0.208375 0.431800 0.011250 0.050800
22 0.129125 0.378600 0.029750 0.057200
22 0.127875 0.599600 0.028250 0.060000
18 0.183125 0.278600 0.011250 0.051600
18 0.211250 0.279400 0.012500 0.051600
18 0.238875 0.279600 0.011250 0.051200
18 0.267000 0.280600 0.011500 0.049200
19 0.246000 0.432200 0.042500 0.055600
17 0.117250 0.672400 0.022500 0.061600
18 0.139125 0.667800 0.013250 0.051600
20 0.161625 0.665800 0.022750 0.069200
20 0.183750 0.667200 0.022000 0.068000
18 0.161750 0.743800 0.010500 0.050000
18 0.182625 0.744600 0.010250 0.049200
17 0.189750 0.824400 0.021000 0.068000
11 0.155875 0.866200 0.009250 0.047600
18 0.189500 0.910000 0.011500 0.048800
18 0.210000 0.909600 0.010500 0.048800
11 0.230750 0.910000 0.010500 0.051200
23 0.259125 0.901400 0.017750 0.088400
18 0.223875 0.848800 0.018250 0.014400
18 0.299875 0.888800 0.031750 0.017600
3 0.299375 0.831000 0.040750 0.051600
18 0.337000 0.867200 0.011500 0.050400
10 0.407500 0.876600 0.111500 0.115600
20 0.294250 0.746400 0.029500 0.067200
6 0.237875 0.747200 0.072750 0.149600
20 0.291750 0.431800 0.029000 0.067600
2 0.362500 0.325600 0.149500 0.084000
12 0.220125 0.158000 0.371750 0.159200
12 0.523375 0.155000 0.228250 0.162800
18 0.488500 0.280800 0.011500 0.048800
18 0.516625 0.281000 0.012250 0.049200
18 0.543750 0.280600 0.012000 0.049200
11 0.345625 0.401800 0.011250 0.050000
11 0.367750 0.402000 0.011000 0.049600
11 0.386750 0.401800 0.010500 0.049200
6 0.370000 0.613800 0.115000 0.180400
11 0.487500 0.601400 0.011000 0.050000
7 0.597250 0.737000 0.058500 0.048400
10 0.535500 0.881600 0.112500 0.113600
18 0.587500 0.791600 0.012500 0.047200
18 0.614625 0.792600 0.011750 0.049200
24 0.183875 0.326200 0.012750 0.032400
24 0.211625 0.327400 0.013750 0.032400
24 0.240875 0.327800 0.012750 0.032400
24 0.267250 0.327600 0.013500 0.032000
24 0.340125 0.256800 0.037250 0.025600
24 0.153125 0.396600 0.013750 0.098000
24 0.193500 0.375600 0.012500 0.049600
24 0.214250 0.375200 0.013000 0.050400
24 0.239375 0.379600 0.013250 0.033600
24 0.329500 0.397400 0.012500 0.033200
24 0.407250 0.404200 0.014000 0.033200
24 0.426750 0.442600 0.014000 0.035600
24 0.442250 0.294000 0.024000 0.026400
24 0.444250 0.256600 0.051000 0.026000
24 0.474125 0.336400 0.014250 0.051200
24 0.517750 0.339400 0.013500 0.050000
24 0.545625 0.340800 0.014250 0.051200
24 0.612125 0.254200 0.041750 0.022800
24 0.591875 0.274400 0.040750 0.024000
24 0.611250 0.296800 0.040500 0.021600
24 0.596750 0.317200 0.050500 0.022400
24 0.606375 0.339200 0.050250 0.023200
24 0.592625 0.363200 0.041250 0.021600
24 0.611625 0.384200 0.040750 0.023600
24 0.591625 0.406600 0.040750 0.021200
24 0.611750 0.428400 0.041500 0.023200
24 0.592500 0.451600 0.042000 0.020000
24 0.611375 0.473200 0.041250 0.023200
24 0.590500 0.495200 0.041000 0.020800
24 0.611625 0.516800 0.040750 0.022400
24 0.591750 0.541600 0.041000 0.023200
24 0.611500 0.563400 0.041000 0.022000
24 0.586875 0.585600 0.050250 0.023200
24 0.605875 0.608200 0.052250 0.021200
24 0.591500 0.628000 0.041000 0.019200
24 0.610875 0.650800 0.041750 0.023200
24 0.589375 0.671600 0.040250 0.021600
24 0.610750 0.696000 0.042000 0.022400
24 0.629625 0.787800 0.011250 0.046800
24 0.543375 0.684200 0.041750 0.024400
24 0.571000 0.792400 0.012500 0.047200
24 0.543250 0.765600 0.037000 0.056800
24 0.630375 0.736000 0.009750 0.040800
24 0.611500 0.851400 0.039500 0.022800
24 0.603375 0.872800 0.064750 0.020000
24 0.603625 0.894600 0.064750 0.022000
24 0.731375 0.942600 0.121250 0.021200
24 0.795250 0.949200 0.006500 0.008000
24 0.818250 0.943200 0.023000 0.020800
24 0.858000 0.944000 0.037000 0.020000
24 0.614125 0.915200 0.036750 0.020800
24 0.912125 0.153200 0.013250 0.067200
24 0.861625 0.155200 0.012750 0.063200
24 0.852500 0.114800 0.037000 0.052800
24 0.828250 0.114200 0.038000 0.052400
24 0.809750 0.114800 0.041000 0.053600
24 0.788250 0.116800 0.039500 0.060000
24 0.765250 0.115400 0.036000 0.057200
24 0.743500 0.115600 0.036000 0.056000
24 0.722125 0.114400 0.036750 0.056000
24 0.696375 0.119200 0.030250 0.043200
24 0.684750 0.113400 0.041500 0.055600
24 0.663375 0.119200 0.028750 0.044000
24 0.655000 0.115800 0.038000 0.058800
24 0.312750 0.458200 0.016000 0.166800
24 0.562750 0.465600 0.018500 0.207200
24 0.564625 0.317600 0.010750 0.066400
24 0.532250 0.709400 0.063500 0.030000
24 0.143000 0.854600 0.012000 0.092400
24 0.105875 0.572200 0.012250 0.100400
24 0.218625 0.601800 0.013750 0.130800
24 0.106125 0.467000 0.012250 0.084400
17 0.173625 0.471800 0.033750 0.018000
17 0.173750 0.489200 0.032000 0.016800
17 0.174250 0.505400 0.033000 0.017200
17 0.174375 0.521200 0.033250 0.014400
17 0.174125 0.536000 0.033250 0.016000
17 0.173750 0.551800 0.032500 0.016400
17 0.174250 0.567600 0.033500 0.016800
17 0.174000 0.584400 0.033000 0.018400
24 0.150125 0.605200 0.013250 0.047200
24 0.168000 0.612800 0.014000 0.033600
24 0.184625 0.613400 0.014250 0.034800
24 0.268875 0.554600 0.016750 0.018800
24 0.268875 0.579600 0.016750 0.016800
24 0.268625 0.600000 0.016250 0.017600
24 0.268375 0.621800 0.016250 0.018000
24 0.268125 0.643400 0.015750 0.018800
24 0.268375 0.665200 0.016250 0.017600
24 0.305625 0.555200 0.017250 0.019200
24 0.305500 0.577600 0.016000 0.020000
24 0.305375 0.599600 0.015250 0.017600
24 0.305625 0.621800 0.015750 0.018000
24 0.305250 0.644200 0.015500 0.020400
24 0.305625 0.665400 0.015750 0.016400
24 0.332500 0.509400 0.009500 0.026000
24 0.348375 0.506400 0.010750 0.013600
24 0.361875 0.506800 0.010750 0.014400
24 0.376375 0.506800 0.012250 0.014400
24 0.390125 0.507000 0.010250 0.013200
24 0.403875 0.507600 0.011250 0.012800
24 0.336250 0.449200 0.011000 0.028000
24 0.349750 0.450600 0.010500 0.028400
24 0.363750 0.455800 0.011500 0.014000
24 0.377375 0.456200 0.010750 0.012400
24 0.391500 0.455400 0.010000 0.012400
24 0.405250 0.456200 0.011000 0.014000
24 0.500375 0.441800 0.016750 0.214800
24 0.529000 0.515600 0.047000 0.294400
24 0.433125 0.534800 0.023250 0.025600
24 0.435125 0.559400 0.016750 0.019600
24 0.435250 0.580400 0.016000 0.019200
24 0.435375 0.603400 0.015250 0.018000
24 0.434750 0.625800 0.015000 0.018800
24 0.435125 0.647200 0.014750 0.017600
24 0.435250 0.669200 0.015500 0.017600
24 0.469125 0.565400 0.016250 0.018000
24 0.469500 0.588400 0.018500 0.019200
24 0.469500 0.610200 0.017000 0.016400
24 0.469250 0.633000 0.016500 0.019600
24 0.469375 0.655000 0.016750 0.018000
24 0.469375 0.678600 0.017250 0.018800
24 0.489625 0.652600 0.013750 0.032400
24 0.601750 0.800800 0.013000 0.036000
24 0.616250 0.829400 0.030000 0.020400
24 0.607875 0.941200 0.031250 0.022400
24 0.525750 0.804000 0.050500 0.025600
24 0.431875 0.803600 0.050250 0.027200
24 0.404000 0.776000 0.010500 0.026400
24 0.389625 0.777200 0.010750 0.027200
24 0.375875 0.777200 0.011250 0.028800
24 0.362375 0.777400 0.009750 0.027600
24 0.348000 0.776800 0.010000 0.025600
24 0.334625 0.776400 0.010750 0.027200
24 0.404375 0.716200 0.011250 0.026000
24 0.390125 0.716600 0.011250 0.025200
24 0.376875 0.717000 0.011250 0.026000
24 0.363250 0.717200 0.011000 0.027200
24 0.348750 0.716600 0.011000 0.026800
24 0.335125 0.715400 0.010750 0.025200
24 0.320500 0.736200 0.011500 0.140400
24 0.340125 0.822000 0.021750 0.024000
24 0.097750 0.671600 0.012000 0.064800
24 0.099250 0.715000 0.030000 0.022000
24 0.202625 0.681400 0.012750 0.048400
24 0.159125 0.795400 0.013250 0.048400
24 0.172375 0.796200 0.012250 0.048400
24 0.173375 0.909800 0.013250 0.050800
24 0.173375 0.863800 0.013250 0.032400
24 0.210750 0.870000 0.029000 0.020800
24 0.258125 0.834600 0.030250 0.022000
24 0.244625 0.933600 0.012750 0.032000
24 0.279500 0.855400 0.027500 0.021200
24 0.283250 0.934800 0.021000 0.021600
24 0.301625 0.914600 0.020750 0.022000
12 0.772125 0.536600 0.272750 0.790000
20 0.280500 0.557400 0.008000 0.011600
20 0.293500 0.557800 0.008000 0.014000
20 0.281000 0.579600 0.007500 0.013600
20 0.280000 0.601600 0.007500 0.014400
20 0.280125 0.624400 0.007250 0.012800
20 0.280000 0.645400 0.008000 0.014800
20 0.280250 0.668200 0.007500 0.014000
20 0.293375 0.579200 0.008250 0.013600
20 0.293625 0.601000 0.008250 0.012400
20 0.293250 0.623000 0.009000 0.014000
20 0.293375 0.646200 0.008750 0.013200
20 0.294000 0.668000 0.009000 0.014400
20 0.334875 0.469800 0.008250 0.013200
20 0.335000 0.490400 0.007500 0.014400
20 0.348875 0.468800 0.006750 0.012800
20 0.348750 0.491800 0.006500 0.014000
20 0.362750 0.469200 0.007500 0.014400
20 0.362375 0.490400 0.007250 0.013600
20 0.376875 0.469600 0.007750 0.012800
20 0.377125 0.491000 0.008750 0.015600
20 0.390875 0.469000 0.007250 0.015600
20 0.390750 0.491200 0.007500 0.012800
20 0.404750 0.469400 0.007500 0.014000
20 0.404375 0.491800 0.007250 0.014000
20 0.446250 0.558600 0.008000 0.012400
20 0.459375 0.558400 0.007250 0.013600
20 0.446750 0.580600 0.008500 0.014000
20 0.459875 0.580200 0.008250 0.012400
20 0.459625 0.602600 0.008250 0.011600
20 0.446250 0.602600 0.007000 0.011600
20 0.446375 0.624400 0.008750 0.012800
20 0.446250 0.646200 0.007000 0.013200
20 0.446500 0.669400 0.008500 0.014000
20 0.459875 0.624200 0.008250 0.011600
20 0.459750 0.646200 0.008000 0.011600
20 0.460000 0.668200 0.008500 0.011600
20 0.335000 0.734000 0.008000 0.011200
20 0.334750 0.755600 0.008500 0.011200
20 0.348250 0.756200 0.008000 0.013200
20 0.362500 0.755800 0.009000 0.014000
20 0.376000 0.756200 0.009000 0.013200
20 0.389875 0.756400 0.007250 0.013600
20 0.404250 0.756000 0.008000 0.014400
20 0.348500 0.734400 0.007500 0.012000
20 0.362250 0.735200 0.008500 0.012000
20 0.376250 0.735200 0.008500 0.012000
20 0.390125 0.735400 0.007750 0.014000
20 0.403875 0.735200 0.006250 0.014400
20 0.155125 0.921400 0.021750 0.034800
24 0.183000 0.278800 0.008000 0.016800
24 0.210375 0.280000 0.006750 0.016800
24 0.238375 0.279400 0.007250 0.017200
24 0.266625 0.279000 0.008250 0.015600
24 0.126500 0.379600 0.007500 0.026400
24 0.182000 0.431000 0.006000 0.018000
24 0.208125 0.432200 0.007750 0.018800
24 0.363625 0.314400 0.072750 0.037600
24 0.487375 0.280000 0.008250 0.017600
24 0.516125 0.281000 0.009250 0.019600
24 0.543625 0.281200 0.006750 0.016000
24 0.127125 0.601800 0.008750 0.026800
24 0.138125 0.668000 0.007250 0.016000
24 0.614625 0.790600 0.007750 0.017200
24 0.587375 0.792800 0.007750 0.017600
24 0.337750 0.867600 0.008500 0.020000
24 0.299500 0.890200 0.010000 0.011600
24 0.223125 0.848800 0.012750 0.010400
24 0.209750 0.910800 0.008000 0.014400
24 0.189375 0.911600 0.007250 0.015200
24 0.182250 0.745200 0.008500 0.016000
24 0.161500 0.745000 0.007000 0.017200
