12 0.496875 0.054781 0.973750 0.089641
12 0.085625 0.147410 0.026250 0.083665
12 0.053125 0.308765 0.028750 0.051793
12 0.084375 0.314741 0.033750 0.047809
23 0.168750 0.173307 0.100000 0.139442
11 0.144375 0.280876 0.066250 0.055777
11 0.212500 0.283865 0.060000 0.061753
4 0.280000 0.299801 0.052500 0.045817
11 0.334375 0.238048 0.041250 0.101594
2 0.417500 0.191235 0.092500 0.131474
6 0.180625 0.397410 0.128750 0.157371
20 0.028125 0.362550 0.036250 0.043825
11 0.081250 0.436255 0.040000 0.099602
12 0.029375 0.500996 0.031250 0.137450
11 0.265625 0.396414 0.038750 0.099602
4 0.282500 0.515936 0.052500 0.051793
11 0.200000 0.512948 0.065000 0.057769
18 0.066875 0.510956 0.033750 0.029880
17 0.066250 0.545817 0.037500 0.019920
20 0.111875 0.492032 0.011250 0.035857
20 0.139375 0.518924 0.013750 0.041833
11 0.043125 0.654382 0.038750 0.101594
11 0.083750 0.652390 0.040000 0.097610
6 0.181250 0.628486 0.132500 0.161355
3 0.050625 0.755976 0.048750 0.081673
20 0.096250 0.722112 0.025000 0.017928
20 0.198125 0.735060 0.013750 0.039841
11 0.333750 0.399402 0.037500 0.101594
11 0.334375 0.510956 0.038750 0.097610
11 0.269375 0.626494 0.038750 0.101594
11 0.335625 0.626494 0.038750 0.097610
20 0.337500 0.316733 0.030000 0.051793
12 0.087500 0.850598 0.027500 0.083665
23 0.167500 0.824701 0.085000 0.127490
17 0.232500 0.794821 0.012500 0.055777
17 0.251250 0.798805 0.012500 0.055777
17 0.268125 0.798805 0.013750 0.055777
17 0.286875 0.798805 0.013750 0.059761
17 0.305000 0.799801 0.015000 0.053785
17 0.321875 0.798805 0.013750 0.055777
17 0.338750 0.797809 0.015000 0.061753
17 0.355000 0.799801 0.017500 0.057769
2 0.418750 0.804781 0.092500 0.131474
18 0.488125 0.762948 0.033750 0.023904
18 0.488125 0.817729 0.033750 0.025896
18 0.488750 0.874502 0.035000 0.023904
22 0.540625 0.794821 0.053750 0.051793
22 0.678125 0.789841 0.026250 0.049801
20 0.647500 0.758964 0.017500 0.055777
20 0.647500 0.698207 0.017500 0.053785
20 0.646875 0.637450 0.021250 0.059761
18 0.488125 0.145418 0.033750 0.023904
18 0.488125 0.208167 0.033750 0.025896
18 0.488750 0.262948 0.035000 0.023904
22 0.540625 0.206175 0.051250 0.053785
10 0.615625 0.188247 0.048750 0.157371
10 0.666875 0.187251 0.048750 0.155378
18 0.658750 0.325697 0.015000 0.053785
18 0.679375 0.325697 0.016250 0.053785
18 0.646250 0.407371 0.012500 0.057769
16 0.670000 0.404382 0.025000 0.043825
17 0.712500 0.427291 0.035000 0.025896
20 0.823125 0.253984 0.221250 0.252988
19 0.670000 0.487052 0.040000 0.061753
18 0.672500 0.537849 0.040000 0.027888
12 0.711250 0.499004 0.030000 0.093625
22 0.771875 0.546813 0.053750 0.049801
6 0.773125 0.474104 0.048750 0.047809
6 0.774375 0.418327 0.046250 0.043825
22 0.871250 0.416335 0.052500 0.055777
6 0.858125 0.702191 0.126250 0.233068
20 0.695000 0.585657 0.037500 0.031873
20 0.696875 0.618526 0.038750 0.029880
18 0.696250 0.653386 0.037500 0.023904
18 0.695625 0.685259 0.033750 0.023904
18 0.917500 0.467131 0.032500 0.025896
18 0.918125 0.500996 0.033750 0.025896
18 0.916875 0.533865 0.036250 0.023904
18 0.916875 0.565737 0.036250 0.027888
12 0.971250 0.533865 0.030000 0.338645
20 0.971875 0.759960 0.026250 0.049801
12 0.499375 0.946215 0.971250 0.095618
6 0.497500 0.500000 0.267500 0.426295
24 0.061875 0.145418 0.018750 0.083665
24 0.115625 0.221116 0.026250 0.035857
24 0.112500 0.152390 0.017500 0.029880
24 0.228125 0.149402 0.038750 0.031873
24 0.305625 0.122510 0.043750 0.037849
24 0.028750 0.400398 0.042500 0.023904
24 0.028125 0.420319 0.051250 0.023904
24 0.059375 0.354582 0.028750 0.031873
24 0.090000 0.354582 0.035000 0.035857
24 0.053750 0.469124 0.015000 0.041833
24 0.241250 0.227092 0.025000 0.031873
24 0.288750 0.251992 0.030000 0.029880
24 0.326875 0.168327 0.023750 0.029880
24 0.314375 0.321713 0.011250 0.045817
24 0.304375 0.369522 0.016250 0.037849
24 0.295000 0.422311 0.012500 0.039841
24 0.305000 0.462151 0.015000 0.039841
24 0.242500 0.518924 0.015000 0.057769
24 0.300000 0.595618 0.017500 0.051793
24 0.307500 0.651394 0.015000 0.051793
22 0.283125 0.712151 0.053750 0.049801
24 0.027500 0.584661 0.035000 0.017928
24 0.016250 0.643426 0.012500 0.051793
24 0.018125 0.740040 0.011250 0.037849
24 0.062500 0.835657 0.020000 0.057769
24 0.096250 0.750000 0.025000 0.029880
24 0.113125 0.797809 0.013750 0.025896
24 0.115000 0.854582 0.017500 0.031873
24 0.136250 0.728088 0.025000 0.029880
24 0.112500 0.692231 0.012500 0.049801
24 0.087500 0.571713 0.035000 0.023904
24 0.097500 0.548805 0.020000 0.017928
24 0.095000 0.512948 0.017500 0.045817
24 0.113750 0.533865 0.010000 0.035857
24 0.125625 0.532869 0.013750 0.033865
24 0.156250 0.522908 0.015000 0.049801
24 0.126875 0.489044 0.018750 0.025896
24 0.213750 0.737052 0.015000 0.035857
24 0.328750 0.734064 0.035000 0.025896
24 0.233750 0.851594 0.017500 0.037849
24 0.253750 0.851594 0.017500 0.041833
24 0.270000 0.853586 0.015000 0.045817
24 0.286875 0.852590 0.013750 0.039841
24 0.303750 0.850598 0.015000 0.039841
24 0.321250 0.850598 0.017500 0.039841
24 0.338750 0.852590 0.015000 0.035857
24 0.356875 0.851594 0.016250 0.041833
24 0.418125 0.727092 0.036250 0.023904
24 0.486875 0.735060 0.033750 0.023904
24 0.483750 0.790837 0.022500 0.027888
24 0.485000 0.847610 0.030000 0.025896
24 0.539375 0.842629 0.038750 0.031873
24 0.603750 0.877490 0.045000 0.033865
24 0.618750 0.763944 0.017500 0.049801
24 0.677500 0.836653 0.035000 0.027888
24 0.665000 0.704183 0.015000 0.037849
24 0.664375 0.611554 0.013750 0.039841
24 0.662500 0.566733 0.020000 0.025896
24 0.642500 0.509960 0.015000 0.035857
24 0.641875 0.465139 0.013750 0.053785
24 0.669375 0.443227 0.023750 0.025896
24 0.421875 0.274900 0.038750 0.023904
24 0.480625 0.118526 0.023750 0.021912
24 0.484375 0.176295 0.033750 0.025896
24 0.483750 0.232072 0.032500 0.025896
24 0.540000 0.164343 0.035000 0.025896
24 0.554375 0.270916 0.048750 0.027888
24 0.584375 0.147410 0.016250 0.059761
24 0.698125 0.142430 0.013750 0.053785
24 0.641875 0.327689 0.013750 0.053785
24 0.697500 0.325697 0.015000 0.053785
24 0.698750 0.375498 0.022500 0.025896
24 0.709375 0.398406 0.036250 0.019920
24 0.735625 0.485060 0.013750 0.057769
24 0.806875 0.422311 0.013750 0.035857
24 0.808750 0.470120 0.015000 0.039841
24 0.818125 0.529880 0.036250 0.027888
24 0.859375 0.252988 0.083750 0.031873
24 0.941875 0.321713 0.016250 0.061753
24 0.973750 0.344622 0.022500 0.023904
24 0.943750 0.392430 0.020000 0.035857
24 0.835625 0.417331 0.013750 0.045817
24 0.880625 0.468127 0.033750 0.027888
24 0.880000 0.503984 0.037500 0.027888
24 0.880625 0.534861 0.031250 0.021912
24 0.881250 0.563745 0.035000 0.031873
24 0.945625 0.613546 0.013750 0.055777
24 0.946250 0.515936 0.017500 0.103586
24 0.937500 0.709163 0.017500 0.035857
24 0.933750 0.769920 0.015000 0.073705
24 0.950000 0.767928 0.012500 0.077689
24 0.867500 0.855578 0.120000 0.061753
24 0.956250 0.882470 0.027500 0.023904
24 0.728750 0.589641 0.030000 0.027888
24 0.728750 0.623506 0.032500 0.023904
24 0.728125 0.653386 0.026250 0.023904
24 0.726250 0.685259 0.020000 0.023904
24 0.758750 0.688247 0.030000 0.025896
24 0.974375 0.714143 0.021250 0.021912
24 0.008125 0.032869 0.013750 0.037849
24 0.008750 0.083665 0.015000 0.039841
24 0.010000 0.927291 0.017500 0.033865
24 0.011250 0.978088 0.017500 0.043825
24 0.417500 0.189243 0.060000 0.071713
24 0.540000 0.204183 0.017500 0.021912
24 0.178125 0.420319 0.088750 0.071713
24 0.158125 0.172311 0.043750 0.073705
24 0.498125 0.500000 0.136250 0.270916
24 0.770625 0.544821 0.016250 0.017928
24 0.870000 0.415339 0.017500 0.017928
24 0.727500 0.757968 0.015000 0.017928
24 0.726250 0.830677 0.015000 0.015936
24 0.741875 0.832669 0.013750 0.015936
24 0.756250 0.831673 0.015000 0.017928
24 0.771875 0.832669 0.016250 0.015936
24 0.741875 0.758964 0.013750 0.019920
24 0.758750 0.758964 0.012500 0.011952
24 0.770625 0.759960 0.011250 0.017928
24 0.860000 0.692231 0.105000 0.073705
24 0.540000 0.793825 0.017500 0.017928
24 0.419375 0.803785 0.058750 0.065737
24 0.283125 0.712151 0.016250 0.017928
24 0.153750 0.830677 0.040000 0.071713
24 0.050000 0.757968 0.015000 0.041833
24 0.176875 0.651394 0.088750 0.071713
7 0.049375 0.239044 0.036250 0.103586
7 0.082500 0.243028 0.035000 0.107570
