12 0.178112 0.338346 0.127652 0.268672
12 0.197828 0.519173 0.101253 0.079950
12 0.177026 0.735965 0.129825 0.286967
10 0.269758 0.888596 0.040267 0.079950
10 0.330159 0.887469 0.040434 0.077694
10 0.391061 0.886216 0.039265 0.076692
10 0.451713 0.885840 0.039933 0.077444
12 0.895238 0.801378 0.081871 0.148120
12 0.914369 0.442356 0.081370 0.445614
7 0.871512 0.702506 0.030075 0.026065
7 0.823392 0.213409 0.033083 0.027820
12 0.704428 0.134336 0.294403 0.125313
12 0.371094 0.139599 0.293734 0.127820
13 0.698997 0.733960 0.294904 0.170677
10 0.273517 0.437594 0.051128 0.060652
7 0.256558 0.779574 0.020551 0.044361
6 0.278112 0.697870 0.040936 0.087970
17 0.271930 0.599624 0.012531 0.032331
17 0.290226 0.787594 0.012364 0.031328
17 0.317126 0.786967 0.009357 0.030576
17 0.343609 0.785840 0.010192 0.031830
17 0.371679 0.786842 0.010192 0.032331
17 0.400000 0.785840 0.009023 0.029323
17 0.428154 0.786216 0.010526 0.031078
17 0.455054 0.784962 0.010526 0.030075
17 0.483208 0.784962 0.009023 0.031078
6 0.518212 0.710025 0.060317 0.089223
6 0.737845 0.232707 0.039098 0.057393
12 0.541186 0.231454 0.089223 0.025815
12 0.446449 0.237594 0.031746 0.025564
7 0.464244 0.317293 0.014202 0.048120
7 0.447034 0.316416 0.017544 0.048872
7 0.431997 0.316416 0.015205 0.051378
6 0.305931 0.278195 0.088889 0.099749
12 0.541270 0.325564 0.095739 0.050627
6 0.745948 0.460276 0.099415 0.146115
23 0.308104 0.346366 0.025731 0.024561
18 0.865246 0.661654 0.013868 0.012531
18 0.865163 0.647118 0.015372 0.012030
18 0.865246 0.632206 0.013868 0.012782
18 0.864912 0.618045 0.014536 0.011529
18 0.864996 0.604386 0.013367 0.012782
23 0.818379 0.578195 0.017711 0.038596
11 0.804845 0.560150 0.008354 0.019549
11 0.796658 0.551128 0.007686 0.019048
18 0.784461 0.551754 0.008020 0.020301
11 0.816374 0.543734 0.012698 0.011278
11 0.808104 0.531454 0.013200 0.010777
11 0.806934 0.381078 0.014536 0.012281
11 0.812782 0.368922 0.014202 0.012030
11 0.802840 0.353759 0.007352 0.019298
11 0.794570 0.362406 0.007853 0.020050
11 0.695238 0.364160 0.007686 0.020551
11 0.682707 0.382206 0.012698 0.011529
11 0.676775 0.370677 0.013868 0.011529
11 0.687218 0.355764 0.008020 0.019298
18 0.746199 0.557519 0.007686 0.020301
11 0.752047 0.592481 0.007686 0.021053
11 0.742356 0.592231 0.007686 0.020551
11 0.695990 0.551754 0.006850 0.020301
11 0.688053 0.561028 0.007352 0.019799
11 0.677193 0.544361 0.012698 0.012030
11 0.683124 0.533083 0.012865 0.011529
11 0.541186 0.149875 0.013367 0.011028
6 0.541688 0.172306 0.013701 0.016291
18 0.541771 0.193484 0.012865 0.012030
23 0.381704 0.243734 0.017544 0.037845
23 0.381119 0.305639 0.016374 0.038847
23 0.362657 0.243860 0.017210 0.038596
18 0.367836 0.304887 0.007519 0.019298
18 0.358480 0.305263 0.007853 0.020050
18 0.316291 0.435088 0.008020 0.020050
17 0.306934 0.437343 0.009357 0.029574
11 0.249206 0.722682 0.007519 0.020802
11 0.248622 0.698496 0.007352 0.021053
11 0.249290 0.666416 0.007686 0.020050
11 0.263158 0.643609 0.007352 0.020551
24 0.222556 0.192857 0.006015 0.014787
24 0.248037 0.217920 0.012197 0.014787
24 0.250292 0.303885 0.015038 0.043358
24 0.264327 0.334085 0.043776 0.011529
24 0.266416 0.347368 0.048956 0.012030
24 0.269591 0.359900 0.054637 0.011529
24 0.267753 0.382707 0.050961 0.012030
24 0.269841 0.394236 0.055806 0.010526
24 0.307853 0.363910 0.013868 0.008521
6 0.334002 0.336842 0.019048 0.015038
24 0.371679 0.208772 0.012197 0.014035
24 0.362907 0.220301 0.014035 0.009023
24 0.382707 0.219674 0.013534 0.008772
24 0.292314 0.331328 0.005848 0.008521
24 0.352047 0.267544 0.005013 0.010276
24 0.358730 0.284586 0.008020 0.019799
24 0.367001 0.275439 0.005514 0.020050
24 0.371429 0.267794 0.004678 0.005764
24 0.370259 0.329073 0.005013 0.009524
24 0.380284 0.329950 0.014035 0.009774
24 0.408605 0.319424 0.034586 0.044361
24 0.421972 0.238095 0.015873 0.013033
7 0.447452 0.213910 0.036759 0.021805
24 0.446867 0.265915 0.020551 0.014536
24 0.449290 0.287093 0.019048 0.013283
24 0.435004 0.346992 0.011863 0.010777
24 0.448705 0.347243 0.009190 0.011278
24 0.462991 0.347744 0.011696 0.010777
24 0.474102 0.289098 0.012197 0.015789
24 0.476107 0.322932 0.007853 0.036341
24 0.428070 0.382331 0.093901 0.044862
24 0.502757 0.211404 0.026734 0.019298
24 0.489474 0.233835 0.013200 0.015038
24 0.540685 0.137970 0.014703 0.009273
24 0.524394 0.158647 0.013534 0.012531
6 0.526650 0.174937 0.014369 0.010526
24 0.525230 0.192607 0.012865 0.011779
24 0.505681 0.284712 0.010860 0.031579
24 0.504845 0.257393 0.008187 0.025564
24 0.520468 0.256767 0.008688 0.022306
24 0.534336 0.258271 0.009023 0.025815
24 0.549541 0.257143 0.008354 0.023559
24 0.563659 0.257018 0.007853 0.024311
24 0.577277 0.257519 0.008020 0.024311
24 0.517377 0.287970 0.007853 0.024060
24 0.528655 0.288346 0.008354 0.022306
24 0.541186 0.288221 0.008020 0.022055
24 0.552548 0.289474 0.007686 0.019549
24 0.563910 0.291353 0.007686 0.015288
24 0.574018 0.291855 0.008521 0.016291
24 0.597243 0.322807 0.013200 0.015038
24 0.504428 0.358145 0.003676 0.011529
24 0.523726 0.357268 0.013868 0.008772
24 0.555890 0.356642 0.013367 0.009023
24 0.538095 0.377569 0.111111 0.030827
24 0.554052 0.209900 0.029741 0.016291
24 0.646700 0.246867 0.065998 0.063158
24 0.645447 0.285088 0.062490 0.012281
24 0.704261 0.205514 0.014369 0.013033
6 0.706683 0.253008 0.019883 0.014787
24 0.687719 0.328195 0.006349 0.021805
24 0.695656 0.338346 0.006850 0.018045
24 0.739515 0.268170 0.072515 0.012531
24 0.793484 0.335714 0.007018 0.020802
24 0.801337 0.327569 0.006683 0.019048
24 0.858312 0.160777 0.014369 0.017293
24 0.862824 0.206140 0.018379 0.014787
24 0.877778 0.217920 0.005180 0.013283
24 0.840769 0.238095 0.028404 0.010526
24 0.848120 0.254261 0.043108 0.009774
24 0.841604 0.271679 0.030409 0.010526
24 0.274353 0.476190 0.027402 0.014536
24 0.259398 0.522556 0.019883 0.052632
24 0.323810 0.434962 0.006015 0.020802
24 0.313952 0.463033 0.027068 0.012782
24 0.319549 0.538847 0.037594 0.062657
24 0.413701 0.420677 0.117293 0.019799
24 0.561821 0.413283 0.167586 0.038095
24 0.628822 0.544987 0.024561 0.011278
24 0.657310 0.369799 0.013701 0.009774
24 0.663074 0.381454 0.013534 0.009524
24 0.690058 0.395865 0.011028 0.014787
24 0.682957 0.522055 0.009858 0.009524
24 0.676107 0.554762 0.009190 0.008271
6 0.746366 0.540100 0.016708 0.013534
24 0.830159 0.367544 0.013534 0.010276
24 0.824896 0.379449 0.013701 0.009023
24 0.864829 0.442982 0.011362 0.013283
24 0.776859 0.550627 0.006182 0.020050
24 0.824394 0.530451 0.012698 0.010276
24 0.831412 0.542231 0.013367 0.009273
24 0.828989 0.557393 0.005848 0.009524
24 0.166750 0.572180 0.006349 0.010025
24 0.219799 0.572556 0.005514 0.006767
24 0.234503 0.568045 0.014536 0.013283
24 0.272932 0.578947 0.028237 0.011028
24 0.272013 0.620802 0.013701 0.009023
24 0.250543 0.650000 0.013200 0.009273
24 0.247870 0.682957 0.013534 0.009524
24 0.271261 0.644110 0.006516 0.020050
6 0.290058 0.646617 0.025063 0.013033
24 0.422222 0.589098 0.140685 0.065915
24 0.439432 0.636591 0.052130 0.015539
24 0.405096 0.673308 0.117460 0.042857
24 0.391896 0.710401 0.144528 0.017794
24 0.387051 0.726817 0.074353 0.015038
6 0.484294 0.708521 0.020551 0.015038
24 0.502590 0.632707 0.034754 0.022807
24 0.516207 0.653509 0.063325 0.018296
24 0.560568 0.570301 0.040769 0.013283
24 0.614703 0.567794 0.007352 0.035338
24 0.642189 0.568170 0.006516 0.034586
24 0.628822 0.588471 0.022891 0.010025
24 0.615038 0.608521 0.007352 0.033584
24 0.629574 0.629574 0.023392 0.010526
24 0.642189 0.608521 0.006850 0.035589
24 0.596992 0.642481 0.045447 0.012281
24 0.663074 0.642231 0.045280 0.013784
24 0.669173 0.626942 0.023726 0.011779
24 0.698246 0.619799 0.022389 0.012531
24 0.681454 0.565038 0.006182 0.013784
24 0.702506 0.552005 0.005514 0.014286
24 0.737510 0.641980 0.044444 0.014787
24 0.803509 0.641729 0.045113 0.013784
24 0.797494 0.572556 0.006683 0.012782
24 0.805597 0.585589 0.006850 0.019799
24 0.817460 0.602130 0.014202 0.009273
24 0.742774 0.616541 0.006516 0.020551
24 0.750710 0.615288 0.007018 0.018045
24 0.753216 0.559649 0.006349 0.021053
24 0.850125 0.604010 0.013367 0.010025
24 0.850543 0.617669 0.014202 0.009774
24 0.850543 0.632331 0.013868 0.011028
24 0.850794 0.646241 0.014035 0.010777
24 0.850877 0.660652 0.013868 0.011028
24 0.877945 0.679699 0.021220 0.015038
24 0.895572 0.671805 0.013367 0.013283
24 0.850710 0.699875 0.008521 0.033835
24 0.905764 0.701754 0.008020 0.046617
24 0.249791 0.738471 0.009691 0.009774
24 0.262239 0.750376 0.055973 0.011028
24 0.244110 0.779950 0.009357 0.014035
24 0.260150 0.806642 0.054135 0.010777
24 0.290810 0.763409 0.022556 0.011529
24 0.318463 0.762657 0.023058 0.010526
24 0.345447 0.762657 0.024227 0.011028
24 0.288972 0.817920 0.020217 0.014286
24 0.316291 0.815664 0.020050 0.014286
24 0.343442 0.816040 0.021220 0.015038
24 0.271094 0.838847 0.053300 0.012531
24 0.359064 0.837469 0.072180 0.011779
24 0.373851 0.762281 0.024227 0.012281
24 0.402590 0.761404 0.024561 0.013534
24 0.430744 0.761654 0.023392 0.012531
24 0.456391 0.761278 0.023559 0.012281
24 0.483542 0.760652 0.023058 0.012531
24 0.371512 0.816040 0.021220 0.014536
24 0.400418 0.813784 0.021220 0.015539
24 0.429073 0.814286 0.021053 0.015539
24 0.454637 0.814035 0.019048 0.014536
24 0.482957 0.814536 0.021220 0.015038
24 0.485046 0.846491 0.010025 0.013283
24 0.546199 0.790977 0.011028 0.039599
24 0.236174 0.888722 0.014536 0.014536
24 0.226817 0.904135 0.040267 0.012782
24 0.227151 0.917419 0.040602 0.012281
24 0.275940 0.937719 0.053634 0.014787
24 0.336007 0.936090 0.052799 0.014035
24 0.395572 0.935589 0.050627 0.015539
24 0.457059 0.934712 0.052632 0.014787
24 0.485881 0.918296 0.011028 0.013033
24 0.514286 0.944862 0.043108 0.013534
24 0.559064 0.944612 0.044779 0.014035
24 0.603509 0.944236 0.044110 0.012782
24 0.649123 0.944110 0.045113 0.014035
24 0.694236 0.944486 0.044444 0.014286
24 0.739432 0.943609 0.045614 0.013534
24 0.784795 0.943985 0.044779 0.014787
24 0.830159 0.944612 0.045948 0.015038
24 0.864578 0.871679 0.037928 0.010526
24 0.866500 0.883835 0.042105 0.010777
24 0.363492 0.239474 0.012865 0.019799
24 0.307268 0.345489 0.011696 0.013784
24 0.381036 0.304010 0.009190 0.018546
24 0.381788 0.242732 0.009023 0.017794
24 0.819215 0.578195 0.011362 0.019549
24 0.864578 0.603008 0.005848 0.006015
24 0.864912 0.616416 0.006516 0.006767
24 0.865330 0.631830 0.005681 0.006516
24 0.864996 0.645739 0.006015 0.005263
24 0.865497 0.660652 0.006683 0.007018
24 0.745698 0.556266 0.003676 0.011278
24 0.784211 0.550877 0.003843 0.009524
12 0.846449 0.213659 0.014703 0.028321
12 0.893651 0.701128 0.014202 0.025313
24 0.541437 0.192732 0.005848 0.008020
24 0.367586 0.304261 0.004344 0.009023
24 0.316124 0.435338 0.003342 0.008521
24 0.357811 0.305388 0.003175 0.009273
