6 0.185833 0.279167 0.235000 0.355000
18 0.228333 0.558333 0.040000 0.080000
18 0.283333 0.563333 0.043333 0.083333
11 0.191667 0.884167 0.036667 0.081667
6 0.289167 0.838333 0.121667 0.133333
11 0.267500 0.716667 0.115000 0.050000
17 0.494167 0.848333 0.105000 0.040000
18 0.389167 0.869167 0.038333 0.085000
17 0.490833 0.786667 0.111667 0.046667
17 0.492500 0.717500 0.108333 0.045000
6 0.767500 0.809167 0.321667 0.238333
6 0.624167 0.380833 0.595000 0.598333
24 0.217500 0.477500 0.095000 0.038333
24 0.297500 0.490833 0.041667 0.058333
24 0.235000 0.630000 0.040000 0.063333
24 0.288333 0.638333 0.050000 0.070000
24 0.194167 0.815833 0.035000 0.055000
24 0.130833 0.904167 0.075000 0.041667
24 0.380000 0.710000 0.106667 0.046667
24 0.382500 0.748333 0.075000 0.040000
24 0.379167 0.799167 0.038333 0.048333
24 0.420833 0.795000 0.028333 0.066667
24 0.489167 0.901667 0.108333 0.040000
24 0.579167 0.850000 0.038333 0.066667
24 0.585000 0.725000 0.040000 0.066667
24 0.580000 0.787500 0.040000 0.058333
12 0.500833 0.036667 0.845000 0.070000
12 0.035833 0.500833 0.068333 0.848333
12 0.500000 0.964167 0.850000 0.071667
12 0.964167 0.498333 0.071667 0.846667
24 0.183333 0.265000 0.203333 0.233333
24 0.620000 0.375000 0.393333 0.460000
24 0.132500 0.520833 0.081667 0.031667
24 0.167500 0.595833 0.025000 0.085000
24 0.289167 0.845000 0.065000 0.080000
24 0.766667 0.825833 0.260000 0.098333
