18 0.502500 0.251667 0.075000 0.040000
20 0.590833 0.253333 0.078333 0.043333
6 0.715833 0.388333 0.131667 0.156667
22 0.855833 0.274167 0.105000 0.091667
6 0.840833 0.545833 0.128333 0.135000
22 0.845833 0.695833 0.105000 0.095000
11 0.737500 0.840000 0.038333 0.076667
11 0.680000 0.839167 0.056667 0.111667
22 0.526667 0.823333 0.100000 0.086667
6 0.393333 0.825000 0.156667 0.100000
18 0.167500 0.721667 0.078333 0.040000
18 0.740000 0.638333 0.040000 0.080000
18 0.364167 0.668333 0.075000 0.036667
18 0.360833 0.713333 0.078333 0.036667
18 0.360833 0.753333 0.078333 0.030000
18 0.455833 0.704167 0.078333 0.035000
18 0.495833 0.741667 0.075000 0.036667
18 0.599167 0.522500 0.038333 0.078333
18 0.275000 0.836667 0.073333 0.040000
24 0.483333 0.203333 0.080000 0.046667
24 0.570000 0.205833 0.080000 0.045000
24 0.756667 0.285000 0.063333 0.050000
24 0.839167 0.345000 0.085000 0.050000
24 0.840833 0.446667 0.065000 0.046667
24 0.617500 0.445833 0.041667 0.061667
24 0.745833 0.562500 0.035000 0.048333
24 0.838333 0.774167 0.086667 0.048333
24 0.263333 0.677500 0.083333 0.038333
24 0.263333 0.715833 0.080000 0.041667
24 0.152500 0.767500 0.058333 0.048333
24 0.255833 0.885000 0.065000 0.046667
24 0.283333 0.757500 0.060000 0.048333
24 0.446667 0.665833 0.093333 0.045000
24 0.430833 0.750000 0.051667 0.040000
24 0.464167 0.895000 0.055000 0.040000
24 0.549167 0.895833 0.078333 0.048333
24 0.625000 0.876667 0.043333 0.066667
24 0.786667 0.867500 0.033333 0.061667
24 0.867500 0.900000 0.105000 0.056667
24 0.211667 0.105000 0.290000 0.056667
12 0.500833 0.036667 0.848333 0.070000
12 0.037500 0.500000 0.071667 0.843333
12 0.497500 0.965000 0.841667 0.070000
12 0.962500 0.502500 0.075000 0.838333
24 0.712500 0.395000 0.051667 0.073333
24 0.847500 0.548333 0.051667 0.033333
24 0.390833 0.825833 0.028333 0.051667
