20 0.097408 0.036236 0.028594 0.041189
7 0.195350 0.038321 0.033672 0.075600
10 0.270711 0.038060 0.043292 0.039625
20 0.266970 0.079510 0.027258 0.042231
7 0.292758 0.121741 0.017370 0.069343
18 0.445885 0.062565 0.017370 0.057351
12 0.472875 0.053180 0.035542 0.067779
6 0.493854 0.125130 0.010155 0.021898
11 0.511090 0.115224 0.013095 0.009385
20 0.561331 0.039364 0.025387 0.040146
20 0.632416 0.036236 0.025922 0.039103
20 0.671833 0.037018 0.026724 0.037539
12 0.587119 0.128519 0.119188 0.037018
12 0.920497 0.104797 0.140834 0.202294
12 0.921032 0.348279 0.143506 0.208551
12 0.922902 0.605839 0.143506 0.209593
12 0.923971 0.869135 0.146713 0.214807
12 0.153394 0.147028 0.032603 0.082377
12 0.153127 0.223149 0.033672 0.072993
12 0.152325 0.297185 0.034741 0.074035
12 0.048236 0.572732 0.055852 0.107925
12 0.045965 0.705683 0.056654 0.108968
12 0.062801 0.872002 0.116515 0.167362
12 0.228487 0.161887 0.034741 0.119395
12 0.227819 0.273201 0.035008 0.095933
20 0.155131 0.389729 0.028594 0.040146
17 0.103821 0.100104 0.014698 0.015641
17 0.102352 0.205944 0.016034 0.017727
17 0.101416 0.316736 0.015232 0.018248
17 0.099813 0.428050 0.016301 0.017727
17 0.086451 0.980970 0.014698 0.018248
18 0.103421 0.128519 0.016034 0.017205
18 0.103421 0.156674 0.015500 0.018248
18 0.102352 0.234359 0.016034 0.016163
18 0.101817 0.264599 0.015500 0.017205
18 0.101416 0.345151 0.015232 0.016684
18 0.100882 0.374348 0.015232 0.016684
18 0.099947 0.457508 0.015500 0.017205
18 0.099813 0.486705 0.015767 0.018248
18 0.105024 0.980709 0.014965 0.017727
18 0.142571 0.540928 0.015232 0.018248
3 0.136291 0.838373 0.021379 0.072993
11 0.082977 0.623566 0.008819 0.030240
16 0.095003 0.630605 0.015232 0.016163
11 0.098076 0.606621 0.008552 0.030761
11 0.107563 0.619917 0.008819 0.036496
11 0.123731 0.685089 0.009621 0.030240
11 0.141235 0.680657 0.015232 0.017205
11 0.171032 0.516684 0.009086 0.031283
11 0.180385 0.635036 0.009086 0.029197
11 0.191342 0.635036 0.010689 0.033368
12 0.177579 0.880344 0.032870 0.075600
20 0.162480 0.973410 0.027793 0.039625
20 0.191074 0.972367 0.026189 0.041710
23 0.174773 0.803702 0.056654 0.086027
23 0.177044 0.708811 0.056387 0.102711
23 0.190673 0.587852 0.016301 0.055787
18 0.171165 0.578989 0.009353 0.029718
18 0.190673 0.511992 0.014164 0.017727
18 0.190807 0.531543 0.014965 0.018248
18 0.190807 0.550313 0.014965 0.017205
6 0.163549 0.550313 0.020844 0.022419
6 0.138429 0.618613 0.051309 0.087070
20 0.225949 0.909281 0.015232 0.016684
20 0.222207 0.883472 0.008284 0.030761
18 0.230893 0.883994 0.008017 0.029718
18 0.228087 0.859750 0.015232 0.016684
18 0.220470 0.831856 0.010155 0.029718
11 0.221272 0.795099 0.008017 0.030240
18 0.230893 0.794317 0.009086 0.029718
20 0.240246 0.794838 0.009086 0.030761
6 0.243987 0.832377 0.025655 0.032847
11 0.252806 0.869135 0.010155 0.030240
11 0.256280 0.797967 0.008017 0.029718
18 0.282202 0.822211 0.016569 0.076121
19 0.281133 0.904067 0.038482 0.058394
11 0.274452 0.736184 0.032603 0.031283
3 0.307857 0.779718 0.020310 0.072471
16 0.330572 0.873306 0.056120 0.099062
11 0.336852 0.765381 0.016836 0.065693
6 0.207910 0.619656 0.018172 0.042231
11 0.223009 0.623566 0.008819 0.029197
11 0.233164 0.623827 0.008284 0.030761
12 0.247996 0.501564 0.035810 0.166840
20 0.216328 0.388425 0.027525 0.040667
20 0.245991 0.388165 0.026456 0.038060
18 0.335516 0.243483 0.009353 0.030240
18 0.347274 0.244786 0.008819 0.029718
20 0.425441 0.912669 0.027793 0.041189
20 0.459380 0.912148 0.027258 0.042231
20 0.459647 0.853754 0.027258 0.041189
11 0.387360 0.873045 0.008284 0.029718
11 0.398584 0.877216 0.009888 0.035975
7 0.393105 0.821950 0.025655 0.068300
12 0.537547 0.843066 0.035542 0.076121
20 0.637092 0.919708 0.158739 0.117831
12 0.756013 0.581595 0.039551 0.224713
12 0.403127 0.455422 0.109834 0.053702
12 0.401523 0.523462 0.108231 0.055266
12 0.400454 0.602190 0.109300 0.052138
12 0.398985 0.672576 0.108498 0.051095
6 0.595404 0.580813 0.273116 0.448384
24 0.075628 0.051356 0.014965 0.014077
24 0.061598 0.071168 0.022715 0.022419
24 0.090593 0.071168 0.033672 0.019291
24 0.172902 0.025026 0.009621 0.038582
24 0.104089 0.085245 0.015767 0.017205
24 0.084580 0.100365 0.015232 0.021376
24 0.104222 0.113660 0.016569 0.014599
24 0.103287 0.141293 0.014164 0.012513
24 0.084447 0.145985 0.015500 0.020855
24 0.060930 0.180396 0.021913 0.019812
24 0.089524 0.180396 0.034741 0.020855
24 0.117317 0.205422 0.014431 0.015641
24 0.084580 0.211679 0.015767 0.020855
24 0.101550 0.219239 0.014431 0.014077
24 0.083244 0.255474 0.017370 0.021898
24 0.101951 0.249739 0.015767 0.014599
24 0.060128 0.290667 0.021379 0.019291
24 0.065740 0.087852 0.010155 0.011992
24 0.064805 0.197341 0.010957 0.013034
24 0.089658 0.291971 0.034474 0.019812
24 0.063068 0.309958 0.009621 0.009906
24 0.083511 0.322732 0.014698 0.020855
24 0.116649 0.315693 0.014698 0.017205
24 0.101416 0.331074 0.013629 0.013556
24 0.101416 0.360010 0.014698 0.009906
24 0.083378 0.370699 0.014965 0.022941
24 0.131080 0.125130 0.008819 0.037539
24 0.130812 0.207508 0.008819 0.039625
24 0.130144 0.278154 0.008552 0.039103
24 0.183324 0.126955 0.021913 0.020334
24 0.189872 0.153024 0.036077 0.021376
24 0.179583 0.178050 0.013362 0.018248
24 0.182122 0.197862 0.022181 0.019291
24 0.188936 0.221064 0.035275 0.021898
24 0.179049 0.244265 0.013896 0.019291
24 0.181587 0.272680 0.021112 0.018770
24 0.188135 0.299009 0.035275 0.020334
24 0.176911 0.322993 0.012293 0.018248
24 0.155799 0.358186 0.022448 0.018770
24 0.225414 0.017466 0.020577 0.020334
24 0.242651 0.022941 0.013362 0.012513
24 0.231293 0.041189 0.032870 0.020855
24 0.221940 0.065433 0.012560 0.019291
24 0.241716 0.065693 0.021646 0.020855
24 0.221539 0.093066 0.020310 0.020334
24 0.243052 0.093326 0.008819 0.012513
24 0.260823 0.115485 0.022982 0.020334
24 0.262961 0.138425 0.032603 0.020334
24 0.264030 0.162409 0.034741 0.019291
24 0.263495 0.187174 0.033672 0.021898
24 0.263495 0.211940 0.034206 0.019291
24 0.217531 0.354536 0.016034 0.022941
24 0.299172 0.043014 0.009888 0.056830
24 0.310396 0.055005 0.008819 0.066215
24 0.322421 0.055787 0.010957 0.067779
24 0.334180 0.055787 0.011491 0.067779
24 0.346205 0.056309 0.011491 0.067779
24 0.359701 0.057612 0.010689 0.091241
24 0.372127 0.058133 0.010422 0.092284
24 0.383886 0.085245 0.009353 0.041189
24 0.397916 0.011210 0.040620 0.017205
24 0.395377 0.072471 0.010957 0.065693
24 0.407937 0.073775 0.010422 0.068300
24 0.419829 0.074296 0.009621 0.065172
24 0.431587 0.068300 0.009621 0.049009
24 0.444415 0.012513 0.016569 0.012513
24 0.468600 0.213243 0.080438 0.016684
24 0.493185 0.229927 0.129075 0.013556
24 0.360770 0.241137 0.014431 0.015120
24 0.500000 0.015120 0.018707 0.021898
24 0.477418 0.121481 0.004009 0.014599
24 0.491716 0.105057 0.009621 0.014077
24 0.511090 0.103754 0.013095 0.012513
24 0.530732 0.101408 0.008017 0.009906
24 0.538749 0.099062 0.002672 0.010428
24 0.575494 0.012513 0.055852 0.018770
24 0.581908 0.038060 0.013095 0.012513
24 0.634955 0.008603 0.016034 0.011992
24 0.629877 0.063608 0.048103 0.020855
24 0.673036 0.008342 0.015767 0.011470
24 0.685863 0.063347 0.021646 0.016163
24 0.059727 0.403024 0.021112 0.020855
24 0.061598 0.421011 0.009353 0.009906
24 0.089391 0.403024 0.035542 0.022941
24 0.081908 0.434046 0.014698 0.021376
24 0.099679 0.443170 0.014965 0.013556
24 0.081507 0.479666 0.014965 0.021898
24 0.119722 0.428311 0.015500 0.018248
24 0.100080 0.471585 0.014164 0.011992
24 0.084848 0.517987 0.009353 0.015120
24 0.090326 0.534932 0.022982 0.018770
24 0.083378 0.550834 0.011224 0.010949
24 0.135355 0.556569 0.016301 0.014077
24 0.161144 0.531283 0.010155 0.012513
24 0.145911 0.413191 0.012293 0.011992
24 0.205906 0.411887 0.016301 0.012513
24 0.243586 0.356621 0.005612 0.022941
24 0.180786 0.495568 0.014698 0.013034
24 0.206173 0.510688 0.014164 0.014077
24 0.206574 0.529197 0.015500 0.013556
24 0.206307 0.548227 0.013896 0.011992
24 0.178381 0.578989 0.006146 0.029718
24 0.202565 0.587852 0.004810 0.016163
24 0.212453 0.583420 0.010155 0.013556
24 0.223544 0.592805 0.009888 0.015641
24 0.247862 0.591502 0.014698 0.019291
24 0.436932 0.568822 0.006948 0.016684
24 0.439471 0.493483 0.007750 0.017205
24 0.451363 0.490876 0.005879 0.018248
24 0.753474 0.720542 0.009353 0.012513
24 0.088322 0.595412 0.007215 0.029197
24 0.103688 0.577424 0.008017 0.028676
24 0.058926 0.646246 0.010422 0.015120
24 0.094335 0.646767 0.009621 0.016163
24 0.080305 0.681178 0.008819 0.014077
24 0.107296 0.643639 0.011491 0.013034
24 0.108899 0.747393 0.066007 0.021376
24 0.093399 0.805266 0.014164 0.019291
24 0.169428 0.608186 0.009621 0.014077
24 0.171967 0.626173 0.006146 0.019812
24 0.124265 0.706465 0.013896 0.012513
24 0.140567 0.696820 0.014965 0.011992
24 0.155532 0.763034 0.012293 0.013034
24 0.200561 0.654849 0.007750 0.011470
24 0.233298 0.648332 0.010155 0.011992
24 0.221406 0.755474 0.007215 0.028154
24 0.221940 0.726538 0.007215 0.020334
24 0.230492 0.763295 0.007215 0.020855
24 0.240246 0.762513 0.008017 0.022419
24 0.248931 0.794578 0.007215 0.022941
24 0.153528 0.878780 0.009353 0.042231
24 0.121726 0.822993 0.006681 0.011992
24 0.199492 0.853233 0.007215 0.033889
24 0.242651 0.855579 0.011224 0.013556
24 0.239578 0.872523 0.006681 0.020334
24 0.299706 0.603754 0.028060 0.016684
24 0.308525 0.723931 0.010422 0.015120
24 0.353287 0.743222 0.009621 0.038060
24 0.384554 0.772419 0.014431 0.016163
24 0.409139 0.771898 0.025120 0.016163
24 0.429049 0.804745 0.018439 0.019291
24 0.459113 0.821689 0.028862 0.017727
24 0.480091 0.850104 0.011491 0.011992
24 0.509621 0.813347 0.019776 0.020855
24 0.551042 0.830553 0.004810 0.018770
24 0.564939 0.863921 0.013896 0.019812
24 0.698691 0.866006 0.009353 0.015641
24 0.071219 0.978363 0.015232 0.018248
24 0.086986 0.963764 0.014164 0.011992
24 0.105024 0.962722 0.011224 0.013034
24 0.136959 0.973149 0.021112 0.020334
24 0.141101 0.988790 0.011224 0.010949
24 0.166088 0.935089 0.017370 0.014077
24 0.191208 0.930918 0.022181 0.020334
24 0.198958 0.904588 0.007750 0.033368
24 0.211919 0.990876 0.014431 0.010949
24 0.226216 0.923618 0.013629 0.010949
24 0.219001 0.941867 0.006681 0.020334
24 0.226617 0.958029 0.011224 0.009906
24 0.229289 0.940563 0.006948 0.019812
24 0.313469 0.931960 0.009621 0.016163
24 0.385222 0.913191 0.012026 0.013034
24 0.399653 0.912669 0.013095 0.014077
24 0.423838 0.945777 0.014965 0.016684
24 0.459113 0.952555 0.021379 0.018770
24 0.436264 0.888686 0.010957 0.011992
24 0.468065 0.887122 0.011491 0.010949
24 0.561865 0.888947 0.005612 0.014599
24 0.558525 0.977842 0.037413 0.021376
24 0.700294 0.974192 0.008284 0.013034
24 0.467664 0.180657 0.012827 0.048488
24 0.446419 0.068040 0.005612 0.024505
24 0.346606 0.243222 0.004276 0.009906
24 0.663014 0.618874 0.077499 0.226277
24 0.607563 0.599062 0.030732 0.296142
24 0.579102 0.661105 0.009621 0.095933
24 0.554917 0.549009 0.022715 0.122002
24 0.505077 0.460897 0.032603 0.026069
24 0.503073 0.535454 0.032336 0.029197
24 0.500802 0.610010 0.032603 0.028154
24 0.499599 0.685089 0.033405 0.027112
24 0.290887 0.627477 0.009353 0.016163
24 0.332443 0.627216 0.013362 0.015641
24 0.040086 0.369135 0.010689 0.026069
24 0.038616 0.483316 0.009888 0.025026
24 0.042357 0.256778 0.009888 0.027633
24 0.043827 0.143379 0.009086 0.026069
24 0.242918 0.833160 0.012293 0.025026
24 0.230625 0.883472 0.003741 0.011992
24 0.281534 0.823514 0.009888 0.037018
24 0.189738 0.511210 0.005345 0.008863
24 0.189872 0.530240 0.005612 0.008342
24 0.098744 0.486705 0.005612 0.007821
24 0.099679 0.371481 0.005345 0.007821
24 0.102218 0.154588 0.005612 0.007821
24 0.205772 0.772680 0.006414 0.014599
7 0.305585 0.121741 0.017370 0.069343
7 0.318413 0.121220 0.017370 0.069343
7 0.330438 0.122263 0.017370 0.069343
7 0.343533 0.120177 0.017370 0.069343
7 0.429850 0.113139 0.012026 0.041710
7 0.442010 0.114181 0.011758 0.044838
7 0.454303 0.114181 0.011758 0.044838
7 0.467531 0.113399 0.014164 0.051616
12 0.387360 0.120438 0.072956 0.046924
24 0.301309 0.169187 0.013629 0.020334
24 0.384687 0.169708 0.015232 0.019291
24 0.257215 0.236184 0.021112 0.018770
24 0.295163 0.236184 0.015232 0.018770
24 0.278594 0.284411 0.021646 0.022419
24 0.248931 0.260167 0.006681 0.021898
24 0.205371 0.258603 0.010957 0.041710
24 0.114778 0.017987 0.007750 0.007821
24 0.200428 0.606361 0.003741 0.008342
24 0.230091 0.563608 0.009086 0.009385
24 0.254276 0.411887 0.010422 0.010428
12 0.412881 0.823253 0.013362 0.068822
