12 0.053435 0.334131 0.063250 0.470494
11 0.196292 0.136364 0.041439 0.106858
6 0.260632 0.210526 0.045802 0.111643
11 0.246456 0.126794 0.032715 0.023923
11 0.311887 0.112440 0.069793 0.062201
11 0.305889 0.208931 0.014177 0.051037
18 0.335878 0.208134 0.021810 0.071770
20 0.400763 0.129187 0.042530 0.031898
20 0.408942 0.212919 0.093784 0.132376
11 0.473828 0.247209 0.016358 0.054226
12 0.527263 0.118022 0.127590 0.191388
12 0.705016 0.117225 0.127590 0.186603
17 0.833697 0.199362 0.053435 0.038278
12 0.900763 0.321372 0.198473 0.189793
12 0.900763 0.585327 0.198473 0.188198
20 0.751908 0.295056 0.027263 0.044657
18 0.750818 0.248006 0.051254 0.039872
11 0.694656 0.333333 0.037077 0.025518
18 0.653217 0.358054 0.023991 0.074960
18 0.604689 0.344498 0.049073 0.038278
18 0.548528 0.345295 0.050164 0.039872
20 0.490185 0.346093 0.055616 0.047847
20 0.433479 0.345295 0.042530 0.027113
20 0.327154 0.279904 0.028353 0.043062
7 0.351690 0.354864 0.042530 0.094099
7 0.389313 0.353270 0.019629 0.087719
3 0.130862 0.191388 0.061069 0.082935
11 0.246456 0.291866 0.034896 0.028708
11 0.278081 0.338118 0.069793 0.063796
11 0.328244 0.433812 0.037077 0.028708
4 0.188659 0.256778 0.041439 0.082935
11 0.173391 0.350877 0.067612 0.060606
4 0.189204 0.446571 0.038168 0.082935
18 0.107415 0.362839 0.025082 0.074960
11 0.206107 0.527911 0.034896 0.025518
22 0.139586 0.577352 0.032715 0.041467
16 0.202290 0.615630 0.055616 0.051037
11 0.253544 0.659490 0.018539 0.052632
11 0.294984 0.660287 0.016358 0.057416
11 0.343511 0.659490 0.019629 0.055821
6 0.285714 0.541467 0.087241 0.129187
11 0.360414 0.506380 0.038168 0.030303
18 0.434024 0.499203 0.050164 0.038278
20 0.433479 0.559809 0.042530 0.031898
20 0.491276 0.559011 0.055616 0.039872
18 0.547983 0.559011 0.051254 0.036683
18 0.604144 0.559011 0.052345 0.036683
18 0.652126 0.541467 0.023991 0.078150
11 0.693021 0.554226 0.040349 0.033493
20 0.442748 0.449761 0.019629 0.054226
11 0.499455 0.429027 0.019629 0.057416
11 0.499455 0.500000 0.017448 0.055821
6 0.546347 0.458533 0.047983 0.068581
11 0.603053 0.434609 0.037077 0.030303
11 0.603599 0.470494 0.035987 0.028708
7 0.725736 0.414673 0.103599 0.041467
7 0.723555 0.513557 0.105780 0.041467
22 0.627590 0.649920 0.035987 0.043062
22 0.732279 0.650718 0.033806 0.041467
20 0.725191 0.949761 0.037077 0.055821
12 0.487459 0.881978 0.126499 0.188198
12 0.310251 0.884370 0.129771 0.192982
11 0.391494 0.742424 0.017448 0.052632
11 0.424209 0.744019 0.017448 0.055821
18 0.434024 0.404306 0.050164 0.039872
24 0.048528 0.039075 0.035987 0.036683
24 0.028899 0.074960 0.018539 0.028708
24 0.066521 0.074960 0.015267 0.028708
24 0.030534 0.589314 0.023991 0.033493
24 0.067067 0.588517 0.029444 0.031898
24 0.133043 0.246411 0.023991 0.030303
24 0.200654 0.050239 0.039258 0.036683
24 0.247001 0.043062 0.035987 0.038278
24 0.306434 0.059011 0.041439 0.031898
20 0.245365 0.085327 0.039258 0.052632
24 0.399128 0.090909 0.041439 0.035088
24 0.440022 0.121212 0.029444 0.028708
24 0.493457 0.252791 0.020720 0.062201
24 0.304253 0.157895 0.039258 0.031898
24 0.345147 0.159490 0.038168 0.025518
24 0.449291 0.052632 0.021810 0.073365
24 0.225736 0.221691 0.023991 0.044657
24 0.227917 0.169059 0.021810 0.060606
24 0.298255 0.251196 0.040349 0.023923
24 0.140131 0.280702 0.042530 0.035088
24 0.112323 0.309410 0.041439 0.031898
24 0.145038 0.409091 0.041439 0.030303
24 0.233915 0.411483 0.035987 0.028708
24 0.151581 0.507974 0.041439 0.030303
24 0.244820 0.461722 0.027263 0.030303
24 0.137405 0.629187 0.039258 0.033493
24 0.198473 0.654705 0.026172 0.033493
24 0.179389 0.880383 0.038168 0.035088
24 0.253544 0.717703 0.042530 0.031898
24 0.284079 0.771930 0.042530 0.031898
24 0.332606 0.772727 0.032715 0.030303
24 0.371320 0.748804 0.018539 0.059011
24 0.443839 0.749601 0.017448 0.057416
24 0.318430 0.656300 0.019629 0.062201
24 0.365867 0.645136 0.016358 0.039872
24 0.410578 0.697767 0.107961 0.030303
24 0.234460 0.553429 0.015267 0.066986
24 0.358779 0.542265 0.032715 0.035088
24 0.470011 0.771132 0.043621 0.027113
24 0.528353 0.774322 0.038168 0.030303
24 0.436205 0.590112 0.028353 0.031898
24 0.490731 0.594099 0.028353 0.033493
24 0.545256 0.595694 0.028353 0.030303
24 0.595965 0.646730 0.018539 0.062201
24 0.700109 0.647528 0.023991 0.060606
24 0.604144 0.593301 0.030534 0.028708
24 0.653762 0.596491 0.025082 0.028708
24 0.693566 0.588517 0.023991 0.031898
24 0.631407 0.885965 0.043621 0.033493
24 0.732824 0.886762 0.043621 0.031898
24 0.679389 0.933812 0.047983 0.030303
24 0.672846 0.961722 0.056707 0.028708
24 0.836423 0.790271 0.026172 0.087719
24 0.787350 0.633971 0.019629 0.055821
24 0.787895 0.566188 0.022901 0.060606
24 0.786260 0.517544 0.023991 0.030303
24 0.834787 0.452951 0.055616 0.025518
24 0.788441 0.422648 0.019629 0.028708
24 0.790622 0.358852 0.021810 0.063796
24 0.788986 0.279904 0.018539 0.052632
17 0.790076 0.184211 0.020720 0.081340
24 0.828790 0.162679 0.045802 0.025518
24 0.627045 0.055821 0.019629 0.063796
24 0.707743 0.227273 0.030534 0.027113
18 0.636859 0.235247 0.039258 0.027113
18 0.595965 0.233652 0.038168 0.027113
24 0.674482 0.230463 0.035987 0.023923
24 0.707197 0.253589 0.027263 0.025518
24 0.707197 0.281499 0.053435 0.023923
24 0.616685 0.274322 0.094875 0.028708
24 0.652126 0.304625 0.026172 0.025518
24 0.690840 0.304625 0.029444 0.025518
24 0.750273 0.330941 0.058888 0.023923
24 0.598146 0.303828 0.029444 0.030303
24 0.544166 0.311802 0.028353 0.030303
24 0.496728 0.305423 0.029444 0.030303
24 0.549073 0.403509 0.027263 0.031898
24 0.430752 0.314992 0.037077 0.027113
24 0.432388 0.370813 0.035987 0.027113
24 0.462923 0.452153 0.020720 0.059011
24 0.518539 0.229665 0.033806 0.028708
24 0.555616 0.238437 0.038168 0.030303
24 0.478735 0.406699 0.019629 0.035088
24 0.476554 0.508772 0.021810 0.038278
24 0.617775 0.405901 0.025082 0.030303
24 0.654853 0.417065 0.038168 0.023923
24 0.653217 0.474482 0.032715 0.027113
24 0.613413 0.499203 0.029444 0.031898
24 0.551254 0.523923 0.070883 0.027113
24 0.393130 0.508772 0.020720 0.060606
24 0.390949 0.436204 0.020720 0.055821
24 0.364776 0.431419 0.022901 0.065391
24 0.327154 0.409091 0.034896 0.027113
24 0.292803 0.388357 0.038168 0.030303
24 0.369138 0.292663 0.040349 0.030303
24 0.286805 0.287879 0.037077 0.033493
24 0.027263 0.836523 0.028353 0.208931
24 0.045256 0.834928 0.018539 0.157895
24 0.067067 0.842105 0.020720 0.191388
24 0.666303 0.706539 0.010905 0.031898
24 0.773173 0.708134 0.015267 0.031898
24 0.130316 0.189793 0.029444 0.022329
24 0.260087 0.208931 0.035987 0.051037
24 0.333697 0.208931 0.013086 0.025518
24 0.434024 0.403509 0.015267 0.015949
24 0.749727 0.248006 0.016358 0.017544
24 0.546347 0.458533 0.030534 0.043062
24 0.433479 0.500000 0.014177 0.014354
24 0.280807 0.542265 0.057797 0.105263
24 0.201745 0.614035 0.015267 0.019139
24 0.164122 0.741627 0.068702 0.019139
24 0.165213 0.814992 0.062159 0.022329
24 0.629771 0.817384 0.066521 0.020734
24 0.736641 0.818979 0.064340 0.017544
24 0.628135 0.743222 0.065431 0.019139
24 0.733915 0.744019 0.065431 0.023923
12 0.726281 0.476077 0.113413 0.033493
12 0.721374 0.379585 0.103599 0.035088
24 0.546347 0.558214 0.017448 0.019139
24 0.547983 0.345295 0.016358 0.017544
