21 0.062388 0.448976 0.070317 0.816699
7 0.210503 0.119642 0.097846 0.066539
11 0.348294 0.115963 0.033513 0.071337
16 0.402902 0.113084 0.068522 0.077095
6 0.487433 0.113084 0.068821 0.054702
18 0.548474 0.115483 0.028725 0.058221
12 0.683273 0.090051 0.176242 0.167946
11 0.797427 0.155790 0.027528 0.060141
12 0.859814 0.230966 0.038001 0.250800
21 0.938959 0.456654 0.059844 0.816699
2 0.789797 0.314939 0.075105 0.244722
11 0.852932 0.405950 0.022442 0.056942
6 0.665769 0.337172 0.145422 0.158029
18 0.532615 0.170345 0.055057 0.028471
18 0.532615 0.198656 0.053262 0.029431
18 0.447636 0.196417 0.055057 0.030070
18 0.389437 0.195937 0.056553 0.025912
6 0.530820 0.279910 0.083184 0.119002
6 0.340515 0.339411 0.191502 0.133077
11 0.171604 0.366123 0.054159 0.025912
2 0.186565 0.520953 0.100239 0.119322
18 0.293686 0.484165 0.055955 0.028471
18 0.292789 0.519194 0.054159 0.029431
11 0.317475 0.601887 0.032316 0.071977
11 0.246709 0.734645 0.031418 0.072617
18 0.497157 0.396513 0.024237 0.058541
11 0.527828 0.397473 0.025733 0.060461
11 0.576002 0.846129 0.025135 0.058861
11 0.605775 0.846129 0.026631 0.058861
11 0.634500 0.847409 0.024237 0.059501
11 0.676990 0.819418 0.031418 0.072617
11 0.714243 0.818938 0.029922 0.071657
11 0.747008 0.821497 0.026032 0.061420
6 0.786655 0.840531 0.043686 0.040627
11 0.856074 0.855246 0.066427 0.035509
11 0.854129 0.817658 0.054159 0.027511
6 0.805655 0.621561 0.084081 0.149712
21 0.539946 0.921145 0.844704 0.068778
6 0.499850 0.622361 0.293537 0.318298
24 0.110862 0.150192 0.028426 0.025912
24 0.259725 0.092290 0.032914 0.025912
24 0.348743 0.062540 0.042789 0.033589
24 0.407989 0.060141 0.027229 0.035189
24 0.493417 0.073097 0.029922 0.027191
24 0.548624 0.063500 0.026032 0.048305
24 0.795781 0.105726 0.043387 0.025912
24 0.854129 0.092930 0.029025 0.024632
24 0.889437 0.095969 0.039797 0.024952
24 0.896170 0.156270 0.023938 0.046385
24 0.895123 0.211452 0.026032 0.047345
24 0.897217 0.261036 0.024237 0.047345
24 0.895721 0.309021 0.024835 0.044146
24 0.888989 0.368842 0.042490 0.031990
24 0.743118 0.189859 0.029025 0.026552
24 0.706613 0.189859 0.013465 0.029111
24 0.656792 0.198177 0.014363 0.024632
24 0.584381 0.185221 0.047277 0.021753
24 0.581987 0.207454 0.044285 0.024632
24 0.445990 0.127959 0.015260 0.024952
24 0.307451 0.152751 0.016457 0.022713
24 0.388989 0.169226 0.046080 0.024952
24 0.444045 0.168746 0.042490 0.025912
24 0.475464 0.283109 0.020347 0.031990
24 0.313136 0.257358 0.033812 0.027831
24 0.465739 0.412188 0.022442 0.046385
24 0.555506 0.409149 0.024237 0.050544
24 0.576750 0.392674 0.027828 0.025912
24 0.612956 0.245521 0.029025 0.024632
24 0.739378 0.230166 0.028725 0.029111
24 0.830192 0.128599 0.021245 0.023672
24 0.735488 0.281190 0.026930 0.023672
24 0.717235 0.431222 0.026930 0.026871
24 0.688211 0.446897 0.028725 0.026871
24 0.858618 0.453935 0.043387 0.026871
24 0.892729 0.476168 0.029025 0.029750
24 0.166068 0.394114 0.044285 0.026871
24 0.311789 0.454575 0.028725 0.028151
24 0.338719 0.473768 0.025135 0.026871
24 0.336774 0.520633 0.029025 0.025912
24 0.183872 0.602047 0.032017 0.030070
24 0.269749 0.604287 0.026032 0.048624
24 0.867744 0.608285 0.032914 0.027831
24 0.851885 0.753359 0.045482 0.028791
24 0.853232 0.782150 0.044584 0.028791
24 0.797277 0.783749 0.029025 0.028151
24 0.760473 0.765675 0.021245 0.047665
24 0.709007 0.759437 0.024237 0.043506
24 0.673848 0.754319 0.025135 0.049264
24 0.633154 0.786788 0.026930 0.017594
24 0.584381 0.804383 0.031718 0.025912
24 0.632256 0.805502 0.028725 0.023672
24 0.551167 0.870921 0.023339 0.032949
24 0.432525 0.861644 0.029025 0.031030
24 0.238929 0.791427 0.041592 0.028791
24 0.166517 0.769834 0.074506 0.078375
24 0.220078 0.656750 0.082885 0.030070
24 0.153052 0.650672 0.041592 0.048624
24 0.262567 0.832853 0.246858 0.031030
24 0.697337 0.616603 0.087672 0.167946
24 0.243417 0.181382 0.141532 0.028791
12 0.279773 0.125080 0.043088 0.055662
24 0.390036 0.195138 0.014063 0.010877
24 0.448833 0.195617 0.011969 0.010557
24 0.405296 0.103487 0.027229 0.021433
24 0.485039 0.111004 0.027528 0.039667
24 0.549372 0.114363 0.009575 0.014395
24 0.532316 0.168266 0.014363 0.010237
24 0.531867 0.195457 0.015260 0.011516
24 0.529922 0.282790 0.064034 0.041587
24 0.798025 0.311420 0.037702 0.108445
24 0.664423 0.338132 0.064931 0.092770
24 0.496858 0.395713 0.009874 0.017274
24 0.258827 0.314619 0.020946 0.052143
24 0.320616 0.333013 0.075703 0.062700
24 0.394375 0.329495 0.042490 0.044786
24 0.184770 0.521593 0.045183 0.068138
24 0.292490 0.519354 0.015260 0.010557
24 0.293088 0.484005 0.014662 0.010237
24 0.499850 0.621721 0.184620 0.195457
24 0.811341 0.609725 0.066727 0.046065
24 0.815081 0.644274 0.047277 0.019834
24 0.786954 0.838132 0.023938 0.019194
