12 0.498333 0.057377 0.966667 0.095082
21 0.039167 0.389344 0.058333 0.342623
12 0.352500 0.235246 0.091667 0.047541
17 0.521667 0.222131 0.040000 0.021311
20 0.435833 0.235246 0.038333 0.021311
20 0.435000 0.256557 0.040000 0.018033
20 0.435833 0.277869 0.038333 0.018033
17 0.407500 0.288525 0.018333 0.036066
17 0.224167 0.309016 0.038333 0.021311
17 0.563333 0.304098 0.020000 0.037705
17 0.728333 0.278689 0.020000 0.039344
11 0.820833 0.269672 0.041667 0.021311
11 0.698333 0.359016 0.103333 0.062295
17 0.558333 0.345082 0.036667 0.018033
17 0.472500 0.361475 0.025000 0.037705
11 0.588333 0.393443 0.036667 0.072131
17 0.387500 0.408197 0.038333 0.019672
17 0.500833 0.404918 0.038333 0.022951
17 0.503333 0.426230 0.036667 0.019672
18 0.435833 0.433607 0.018333 0.037705
17 0.321667 0.454098 0.020000 0.036066
17 0.255833 0.463115 0.018333 0.034426
16 0.377500 0.475410 0.025000 0.052459
17 0.331667 0.481967 0.036667 0.019672
18 0.436667 0.469672 0.020000 0.034426
16 0.529167 0.470492 0.025000 0.055738
17 0.508333 0.472951 0.020000 0.037705
19 0.735000 0.476230 0.046667 0.040984
17 0.406667 0.500000 0.036667 0.016393
11 0.444167 0.500820 0.035000 0.021311
18 0.482500 0.500000 0.038333 0.019672
17 0.509167 0.523770 0.021667 0.037705
17 0.551667 0.518852 0.040000 0.024590
18 0.510000 0.562295 0.023333 0.039344
18 0.434167 0.529508 0.021667 0.036066
17 0.435000 0.566393 0.023333 0.034426
18 0.731667 0.518033 0.040000 0.019672
18 0.773333 0.549180 0.016667 0.039344
18 0.800000 0.550820 0.020000 0.036066
17 0.350000 0.531967 0.040000 0.021311
17 0.285000 0.577869 0.023333 0.037705
18 0.354167 0.572131 0.038333 0.019672
17 0.415000 0.600820 0.020000 0.037705
17 0.453333 0.634426 0.020000 0.036066
17 0.590000 0.620492 0.023333 0.037705
12 0.045000 0.659016 0.063333 0.144262
11 0.528333 0.712295 0.063333 0.100000
18 0.333333 0.762295 0.020000 0.039344
18 0.366667 0.763934 0.023333 0.042623
18 0.510833 0.777869 0.038333 0.021311
17 0.468333 0.827049 0.023333 0.037705
6 0.517500 0.817213 0.055000 0.050820
17 0.568333 0.813934 0.020000 0.034426
11 0.791667 0.810656 0.100000 0.063934
12 0.499167 0.948361 0.958333 0.086885
24 0.481667 0.243443 0.046667 0.024590
24 0.482500 0.269672 0.048333 0.024590
24 0.481667 0.294262 0.050000 0.024590
24 0.670000 0.312295 0.050000 0.024590
24 0.826667 0.293443 0.036667 0.022951
24 0.435000 0.386885 0.026667 0.049180
24 0.621667 0.409836 0.023333 0.052459
24 0.725000 0.440164 0.033333 0.024590
24 0.692500 0.518033 0.035000 0.026230
24 0.772500 0.589344 0.025000 0.034426
24 0.800000 0.587705 0.023333 0.031148
24 0.459167 0.461475 0.025000 0.050820
24 0.533333 0.423770 0.023333 0.034426
24 0.350833 0.454098 0.025000 0.029508
24 0.406667 0.542623 0.026667 0.055738
24 0.510833 0.609016 0.028333 0.054098
24 0.314167 0.572131 0.035000 0.026230
24 0.381667 0.675410 0.050000 0.026230
24 0.440000 0.675410 0.056667 0.026230
24 0.307500 0.763115 0.025000 0.050820
24 0.390833 0.756557 0.025000 0.054098
24 0.460833 0.777869 0.051667 0.027869
24 0.501667 0.868852 0.036667 0.026230
24 0.818333 0.763115 0.053333 0.024590
24 0.514167 0.821311 0.025000 0.016393
