11 0.145477 0.203719 0.101874 0.061975
4 0.273024 0.268093 0.035045 0.061176
11 0.368786 0.203519 0.038305 0.075970
11 0.569886 0.294682 0.100652 0.059976
11 0.123268 0.749700 0.101467 0.060776
11 0.322127 0.674930 0.099837 0.063175
11 0.321923 0.739904 0.101874 0.061176
11 0.236756 0.213115 0.037490 0.019192
11 0.754890 0.213515 0.061532 0.099960
11 0.766096 0.768293 0.062755 0.100360
6 0.254075 0.165534 0.073757 0.055178
6 0.160147 0.306277 0.132844 0.092763
6 0.151385 0.667533 0.061532 0.065174
6 0.244499 0.804078 0.074980 0.054378
6 0.406275 0.803878 0.074980 0.051579
11 0.166055 0.611555 0.036267 0.021192
11 0.213325 0.635346 0.033822 0.020792
4 0.228810 0.687525 0.037897 0.064374
22 0.416259 0.739504 0.047677 0.039584
7 0.482274 0.763495 0.019967 0.053179
10 0.540139 0.750300 0.072942 0.153139
6 0.076406 0.509596 0.077017 0.076369
18 0.057865 0.258697 0.038305 0.017593
18 0.067441 0.295482 0.018337 0.036785
18 0.038916 0.294882 0.019152 0.036385
18 0.275061 0.213515 0.038305 0.019992
18 0.427465 0.263695 0.018745 0.037185
18 0.453341 0.264294 0.018337 0.038385
18 0.472494 0.308077 0.019152 0.037985
18 0.373064 0.489404 0.018337 0.035186
22 0.331092 0.453219 0.048492 0.038784
23 0.258354 0.433227 0.085575 0.169132
3 0.048085 0.388445 0.030970 0.030788
3 0.103301 0.389644 0.025672 0.027589
2 0.468623 0.208517 0.071720 0.061176
6 0.437857 0.304278 0.033822 0.035986
17 0.198452 0.550780 0.023635 0.053978
17 0.226365 0.550980 0.024042 0.054378
11 0.208028 0.861855 0.037082 0.018792
18 0.255705 0.861455 0.038712 0.019592
12 0.646699 0.231707 0.096170 0.048381
6 0.563977 0.498401 0.324368 0.318673
17 0.634474 0.761295 0.025265 0.052779
17 0.667685 0.761695 0.024042 0.053579
12 0.868378 0.730108 0.072535 0.042383
12 0.958028 0.658137 0.048085 0.141543
12 0.957824 0.385446 0.050122 0.332667
22 0.887327 0.508796 0.039527 0.047581
6 0.803586 0.515194 0.092910 0.157137
18 0.800122 0.414434 0.038712 0.018792
22 0.819275 0.240104 0.047677 0.041184
22 0.876936 0.240704 0.048900 0.039984
6 0.775876 0.309476 0.074980 0.049580
6 0.775265 0.356257 0.076202 0.047181
18 0.895477 0.294482 0.038712 0.018792
18 0.896292 0.322271 0.037897 0.019192
18 0.896088 0.350060 0.037490 0.017993
18 0.896088 0.377649 0.035860 0.017193
20 0.480033 0.165134 0.042380 0.023990
18 0.782804 0.624950 0.036675 0.018393
18 0.782804 0.647141 0.037490 0.017993
18 0.783619 0.670132 0.037490 0.017593
12 0.499593 0.052779 0.957620 0.093563
11 0.662999 0.692723 0.106764 0.067573
12 0.500000 0.944022 0.967400 0.099160
24 0.010391 0.037385 0.018337 0.029188
24 0.010391 0.077369 0.015077 0.029188
24 0.162388 0.153139 0.038712 0.026389
24 0.048289 0.228908 0.044417 0.024390
24 0.037897 0.335466 0.026080 0.032787
24 0.067848 0.333866 0.025672 0.036785
24 0.044417 0.418233 0.055420 0.027189
24 0.107376 0.419232 0.047677 0.025990
24 0.251019 0.124550 0.039120 0.024390
24 0.230440 0.238505 0.035452 0.025190
24 0.316830 0.214914 0.035452 0.027589
24 0.268337 0.313275 0.053382 0.025190
24 0.188672 0.366653 0.030155 0.023990
24 0.369397 0.138745 0.026487 0.048780
24 0.455175 0.123551 0.066830 0.032787
24 0.530970 0.162335 0.052160 0.026389
24 0.518949 0.217913 0.024857 0.035986
24 0.401385 0.264294 0.024450 0.050380
24 0.400367 0.308077 0.024857 0.036385
24 0.322942 0.370852 0.024042 0.037185
24 0.328647 0.414234 0.047677 0.024790
24 0.373879 0.441423 0.026487 0.050380
24 0.479218 0.265894 0.023635 0.044782
24 0.501019 0.309276 0.024042 0.049180
24 0.899144 0.116353 0.038712 0.027189
24 0.620212 0.192523 0.028525 0.024390
24 0.666055 0.191523 0.052567 0.026389
24 0.638957 0.296881 0.025265 0.049980
24 0.723309 0.308277 0.022820 0.051180
24 0.821923 0.203918 0.053790 0.023191
24 0.874491 0.203918 0.051345 0.025590
24 0.962103 0.206317 0.054605 0.024790
24 0.846373 0.297881 0.052975 0.025590
24 0.846170 0.323271 0.053382 0.024390
24 0.846170 0.347261 0.052567 0.024390
24 0.846577 0.376649 0.053382 0.023990
24 0.755705 0.393243 0.044417 0.023591
24 0.852893 0.415634 0.054605 0.027589
24 0.864914 0.460816 0.025672 0.037985
24 0.919927 0.472211 0.024042 0.089564
24 0.891606 0.551979 0.053790 0.025990
24 0.129788 0.507397 0.024042 0.045582
24 0.169315 0.547181 0.028117 0.066773
24 0.129788 0.593563 0.034637 0.022791
24 0.104116 0.666134 0.024857 0.036785
24 0.206805 0.604158 0.022412 0.032787
24 0.229218 0.599360 0.023227 0.035186
24 0.261002 0.571172 0.027302 0.105958
24 0.286064 0.566174 0.022820 0.048780
24 0.251222 0.636146 0.034637 0.024790
24 0.390587 0.657537 0.023227 0.044382
24 0.128362 0.798481 0.031785 0.022391
24 0.233700 0.747301 0.024042 0.048780
24 0.256927 0.740704 0.021597 0.034786
24 0.421557 0.698521 0.053382 0.027989
24 0.463121 0.670732 0.069682 0.024390
24 0.456398 0.762295 0.024450 0.049980
24 0.595151 0.698121 0.024042 0.050380
24 0.636512 0.810076 0.026895 0.034386
24 0.663203 0.810076 0.025672 0.036785
24 0.833333 0.620752 0.054605 0.024390
24 0.833333 0.646142 0.054605 0.023990
24 0.833537 0.671132 0.055012 0.024390
24 0.761410 0.700120 0.053382 0.024790
24 0.870008 0.694122 0.065200 0.023191
24 0.917889 0.610556 0.024857 0.026389
24 0.917482 0.650140 0.024042 0.045582
24 0.866544 0.768093 0.086797 0.027989
24 0.008761 0.929628 0.016707 0.028788
24 0.009169 0.972011 0.012632 0.025590
24 0.149552 0.862055 0.034230 0.024790
24 0.302975 0.811475 0.024857 0.034786
24 0.342910 0.812875 0.023227 0.035186
24 0.298696 0.861056 0.035045 0.022791
24 0.389568 0.873051 0.063570 0.029988
24 0.524857 0.839464 0.052160 0.023591
24 0.699674 0.861455 0.208639 0.061176
24 0.839242 0.877849 0.071312 0.025990
24 0.904238 0.883447 0.039935 0.025990
24 0.253871 0.168533 0.016300 0.027589
24 0.159943 0.306477 0.063162 0.058776
24 0.435004 0.305878 0.018337 0.011196
24 0.466789 0.208916 0.033007 0.022791
24 0.774246 0.354658 0.011410 0.023990
24 0.775469 0.306078 0.010595 0.021991
24 0.563773 0.500200 0.176447 0.267893
24 0.802363 0.513595 0.080685 0.041983
24 0.328240 0.530388 0.040342 0.013195
24 0.344947 0.600160 0.024857 0.009596
24 0.313773 0.600160 0.022820 0.012795
24 0.258354 0.431028 0.051345 0.075170
24 0.046251 0.387245 0.013447 0.009196
24 0.147514 0.666134 0.031785 0.036785
24 0.244499 0.803279 0.013855 0.038385
24 0.402608 0.800080 0.017930 0.039184
