12 0.074781 0.185007 0.011916 0.135306
21 0.074538 0.281250 0.036722 0.018617
12 0.073687 0.320479 0.027237 0.015293
21 0.073687 0.417387 0.037938 0.021609
21 0.130350 0.650765 0.023346 0.071476
21 0.101289 0.650598 0.030885 0.116356
21 0.090102 0.769781 0.022130 0.058843
21 0.141659 0.857380 0.038181 0.128989
21 0.089859 0.878491 0.023103 0.058843
21 0.067485 0.823969 0.026994 0.221742
24 0.156372 0.098072 0.006323 0.018617
11 0.166342 0.097739 0.014105 0.035904
21 0.233098 0.052527 0.035749 0.037899
21 0.310190 0.056516 0.083414 0.027926
21 0.309582 0.091257 0.053502 0.034242
21 0.385944 0.053524 0.035992 0.034574
11 0.219480 0.514461 0.009971 0.008976
21 0.925219 0.919215 0.023103 0.139628
21 0.882782 0.801197 0.011187 0.049202
12 0.911235 0.738697 0.067607 0.094415
18 0.859193 0.738032 0.011673 0.010638
18 0.872203 0.731882 0.009484 0.016290
18 0.883268 0.738198 0.011673 0.011636
20 0.895185 0.731882 0.009241 0.019614
24 0.859314 0.737533 0.005593 0.006316
24 0.872203 0.732048 0.004134 0.008644
24 0.883512 0.738364 0.005837 0.006649
21 0.883025 0.674701 0.011673 0.046875
21 0.851046 0.517453 0.023103 0.085439
21 0.850559 0.591589 0.033317 0.045545
21 0.851654 0.416888 0.034533 0.096410
21 0.851654 0.316157 0.026751 0.085106
21 0.852262 0.242686 0.033804 0.047207
21 0.793531 0.071642 0.061770 0.069481
21 0.853478 0.099734 0.043045 0.067819
21 0.872203 0.174202 0.047422 0.078457
12 0.911843 0.320146 0.033317 0.188165
12 0.912451 0.519282 0.033074 0.189495
21 0.586089 0.105386 0.069553 0.145612
11 0.674611 0.257148 0.013132 0.032247
24 0.683609 0.258145 0.006323 0.015625
11 0.708658 0.274767 0.013132 0.030253
24 0.718507 0.276430 0.005107 0.030918
21 0.691999 0.257812 0.011916 0.049535
21 0.771766 0.258976 0.067364 0.051197
21 0.747203 0.301197 0.037695 0.019282
21 0.691148 0.329455 0.011673 0.046543
21 0.691513 0.405253 0.011430 0.047207
21 0.691026 0.477227 0.012403 0.048205
11 0.674003 0.404089 0.013375 0.029588
24 0.683244 0.405751 0.005593 0.017620
11 0.450389 0.099734 0.013132 0.031915
24 0.460360 0.100233 0.006323 0.016955
