2 0.112917 0.188244 0.134167 0.102679
11 0.149167 0.270833 0.056667 0.038690
11 0.055833 0.272321 0.056667 0.038690
11 0.317500 0.156250 0.028333 0.047619
11 0.158750 0.642113 0.029167 0.040179
11 0.392917 0.817708 0.030833 0.055060
18 0.182500 0.781250 0.023333 0.092262
18 0.236250 0.819940 0.052500 0.038690
18 0.085833 0.837054 0.055000 0.040179
6 0.103333 0.732143 0.090000 0.101190
12 0.058750 0.500744 0.114167 0.159226
6 0.290000 0.500000 0.203333 0.482143
6 0.230000 0.171131 0.035000 0.080357
6 0.693750 0.497768 0.340833 0.602679
11 0.551250 0.296131 0.029167 0.050595
11 0.512083 0.585565 0.027500 0.052083
11 0.540000 0.659226 0.026667 0.047619
11 0.587500 0.741815 0.025000 0.049107
11 0.836250 0.710565 0.027500 0.049107
11 0.786667 0.188988 0.026667 0.047619
11 0.833333 0.280506 0.026667 0.046131
18 0.449167 0.191964 0.025000 0.098214
18 0.530000 0.781994 0.055000 0.040179
18 0.902083 0.159226 0.050833 0.044643
18 0.960833 0.159226 0.055000 0.044643
18 0.805417 0.798363 0.024167 0.096726
18 0.929583 0.726190 0.024167 0.095238
11 0.950833 0.828125 0.053333 0.061012
17 0.966250 0.725446 0.022500 0.111607
11 0.951250 0.600446 0.055833 0.061012
11 0.950000 0.484375 0.055000 0.058036
11 0.951250 0.381696 0.055833 0.066964
11 0.951667 0.265625 0.056667 0.063988
11 0.869583 0.340774 0.029167 0.044643
12 0.152500 0.523810 0.068333 0.166667
12 0.038333 0.726190 0.033333 0.104167
12 0.506667 0.063244 0.981667 0.114583
12 0.510417 0.933036 0.979167 0.127976
24 0.024167 0.040179 0.015000 0.032738
24 0.024583 0.092262 0.014167 0.023810
24 0.058750 0.062500 0.017500 0.035714
24 0.040417 0.142857 0.017500 0.017857
24 0.058750 0.306548 0.040833 0.029762
24 0.057500 0.336310 0.041667 0.029762
24 0.076250 0.366815 0.055833 0.034226
24 0.096667 0.294643 0.018333 0.098214
24 0.114583 0.297619 0.015833 0.098214
24 0.154167 0.308780 0.043333 0.037202
24 0.154167 0.339286 0.041667 0.032738
24 0.155833 0.418155 0.056667 0.032738
24 0.179583 0.456101 0.014167 0.022321
24 0.179167 0.509673 0.015000 0.022321
24 0.179583 0.563244 0.012500 0.022321
24 0.241667 0.226190 0.063333 0.029762
6 0.262917 0.177827 0.019167 0.069940
24 0.331667 0.192708 0.083333 0.037202
24 0.352917 0.153274 0.042500 0.032738
6 0.388333 0.264881 0.036667 0.035714
24 0.090417 0.630952 0.067500 0.032738
6 0.107500 0.662202 0.030000 0.032738
24 0.134583 0.641369 0.015833 0.059524
24 0.408333 0.485119 0.021667 0.175595
24 0.429167 0.189732 0.018333 0.052083
24 0.475000 0.188244 0.018333 0.052083
24 0.491250 0.146577 0.015833 0.040179
24 0.546250 0.245536 0.082500 0.038690
24 0.527500 0.293899 0.018333 0.055060
6 0.635417 0.222470 0.039167 0.063988
24 0.519583 0.700893 0.082500 0.038690
24 0.837083 0.200149 0.069167 0.034226
24 0.859583 0.233631 0.069167 0.032738
24 0.869583 0.377976 0.067500 0.029762
24 0.370417 0.770833 0.082500 0.038690
24 0.607917 0.782738 0.082500 0.038690
24 0.861250 0.734375 0.015833 0.120536
24 0.481667 0.569196 0.018333 0.147321
24 0.500000 0.530506 0.020000 0.052083
24 0.540833 0.611607 0.030000 0.035714
24 0.732917 0.145833 0.015833 0.041667
24 0.815000 0.167411 0.025000 0.031250
24 0.866667 0.156994 0.015000 0.043155
24 0.904167 0.192708 0.033333 0.025298
24 0.950417 0.191220 0.034167 0.028274
24 0.974167 0.197173 0.015000 0.043155
24 0.991250 0.273810 0.014167 0.199405
24 0.862083 0.261905 0.022500 0.026786
24 0.879167 0.299107 0.025000 0.029762
24 0.913750 0.262649 0.017500 0.066964
24 0.946667 0.312500 0.033333 0.032738
24 0.951250 0.426339 0.034167 0.034226
24 0.915000 0.374256 0.015000 0.046131
24 0.914583 0.484375 0.015833 0.063988
24 0.947500 0.529762 0.033333 0.029762
24 0.912917 0.589286 0.015833 0.062500
24 0.913333 0.645833 0.033333 0.032738
17 0.959167 0.650298 0.043333 0.029762
24 0.025417 0.814732 0.019167 0.069940
24 0.043333 0.852679 0.018333 0.017857
24 0.024167 0.907738 0.016667 0.026786
24 0.024167 0.959821 0.016667 0.023810
24 0.132917 0.826637 0.035833 0.028274
24 0.132083 0.852679 0.034167 0.026786
24 0.182917 0.840774 0.035833 0.029762
24 0.202500 0.758929 0.016667 0.044643
24 0.104167 0.793899 0.081667 0.025298
24 0.240000 0.755208 0.023333 0.031250
24 0.237500 0.781250 0.036667 0.029762
24 0.252083 0.850446 0.015833 0.022321
24 0.353750 0.815476 0.042500 0.038690
24 0.582083 0.694196 0.027500 0.037202
24 0.490000 0.780506 0.021667 0.052083
24 0.491250 0.854911 0.017500 0.040179
24 0.530000 0.823661 0.028333 0.040179
24 0.730833 0.840774 0.020000 0.038690
24 0.786667 0.793155 0.015000 0.047619
24 0.826667 0.787946 0.013333 0.043155
24 0.800000 0.677827 0.108333 0.188988
24 0.841250 0.664435 0.024167 0.034226
24 0.899583 0.714286 0.024167 0.026786
24 0.896250 0.741071 0.034167 0.029762
24 0.986667 0.933036 0.020000 0.038690
24 0.904167 0.805060 0.035000 0.032738
24 0.904167 0.838542 0.035000 0.037202
24 0.990000 0.635417 0.016667 0.464286
24 0.113750 0.178571 0.074167 0.035714
24 0.448750 0.186012 0.012500 0.035714
24 0.270417 0.501488 0.057500 0.282738
24 0.682917 0.486607 0.150833 0.375000
24 0.531667 0.781250 0.016667 0.023810
24 0.805417 0.794643 0.012500 0.035714
24 0.899583 0.154018 0.015833 0.022321
24 0.959167 0.158482 0.016667 0.022321
24 0.929167 0.722470 0.013333 0.031250
24 0.235417 0.819196 0.017500 0.028274
24 0.182917 0.781250 0.012500 0.035714
24 0.083333 0.837054 0.016667 0.022321
24 0.105833 0.737351 0.031667 0.084821
24 0.224583 0.168155 0.012500 0.017857
