12 0.164869 0.271165 0.068239 0.110690
18 0.211373 0.292014 0.012300 0.009856
3 0.211879 0.301996 0.013311 0.010109
3 0.208677 0.276851 0.006908 0.020470
3 0.209014 0.257013 0.006908 0.020217
12 0.222157 0.174501 0.053749 0.073541
18 0.224431 0.275967 0.021904 0.018196
18 0.224094 0.256887 0.021904 0.017437
11 0.223336 0.237427 0.012300 0.008340
18 0.222241 0.222770 0.029992 0.019459
6 0.259309 0.288476 0.032350 0.072530
18 0.238248 0.298332 0.008088 0.020470
17 0.217439 0.320697 0.022409 0.017690
3 0.219040 0.368208 0.019882 0.050038
3 0.172367 0.351276 0.045156 0.027799
12 0.164027 0.434673 0.069587 0.111195
11 0.262511 0.649229 0.016849 0.052060
16 0.298989 0.649229 0.038922 0.053071
20 0.319040 0.723907 0.014659 0.011372
18 0.337068 0.735027 0.013985 0.009856
20 0.337321 0.724539 0.013142 0.010109
3 0.331929 0.686379 0.024937 0.035380
6 0.343639 0.644175 0.023757 0.036391
11 0.368155 0.651125 0.012468 0.034622
6 0.372789 0.703690 0.048020 0.051807
11 0.405813 0.682335 0.013985 0.011625
18 0.405813 0.694718 0.013985 0.009603
20 0.406150 0.705080 0.014659 0.010614
18 0.425021 0.664898 0.013648 0.011120
18 0.435805 0.663508 0.007245 0.021481
18 0.442797 0.663508 0.006740 0.021481
18 0.449958 0.601087 0.013311 0.010867
18 0.450126 0.613470 0.012974 0.010867
18 0.449621 0.626611 0.013985 0.011372
18 0.449621 0.638489 0.013985 0.012383
18 0.463690 0.600834 0.011457 0.011372
18 0.462848 0.613723 0.013142 0.011372
18 0.463184 0.626358 0.013816 0.010867
18 0.463521 0.638741 0.013142 0.013899
17 0.434625 0.707607 0.035889 0.063685
23 0.491154 0.615112 0.019545 0.059136
23 0.524094 0.600329 0.038248 0.029568
11 0.527548 0.642153 0.034372 0.025272
11 0.555181 0.578216 0.012131 0.034875
14 0.560657 0.602729 0.018366 0.014152
20 0.560489 0.617766 0.019377 0.011878
18 0.569587 0.729088 0.008256 0.021734
16 0.575484 0.649861 0.047009 0.052312
17 0.580623 0.719232 0.012131 0.034875
18 0.592249 0.714556 0.008088 0.021481
17 0.603370 0.719484 0.012468 0.033359
18 0.616428 0.714051 0.008593 0.021481
17 0.627548 0.719484 0.012300 0.032348
18 0.650632 0.714051 0.006908 0.020470
17 0.660152 0.719484 0.012805 0.033359
6 0.688711 0.726434 0.036226 0.034622
11 0.711120 0.734016 0.007919 0.019459
11 0.711289 0.713546 0.007582 0.020470
18 0.706740 0.698762 0.014322 0.011120
18 0.707077 0.688021 0.013648 0.012383
11 0.721820 0.726687 0.012805 0.035128
14 0.733361 0.726687 0.009267 0.030579
12 0.770345 0.638615 0.105813 0.111701
6 0.683572 0.672100 0.023252 0.034117
16 0.679865 0.618903 0.038416 0.051049
11 0.661247 0.688021 0.012974 0.011372
18 0.648526 0.687769 0.012468 0.012889
18 0.635636 0.687769 0.013311 0.010867
18 0.660741 0.674248 0.014659 0.010614
18 0.660741 0.664519 0.013311 0.010867
11 0.641533 0.630781 0.013648 0.034369
11 0.641196 0.591989 0.012300 0.034622
6 0.616849 0.643922 0.023589 0.033864
18 0.602275 0.674880 0.008256 0.021481
6 0.615670 0.584281 0.022915 0.034875
16 0.583488 0.565959 0.034709 0.070003
11 0.677001 0.578721 0.034372 0.026283
3 0.700000 0.546500 0.042965 0.031590
18 0.623168 0.552818 0.014322 0.011878
11 0.622831 0.541446 0.013648 0.009856
18 0.622831 0.529568 0.014322 0.010867
18 0.609436 0.522113 0.013142 0.010614
18 0.605729 0.503033 0.007077 0.020975
18 0.612805 0.502527 0.005729 0.019965
20 0.622662 0.519206 0.015333 0.012383
18 0.622831 0.498736 0.013648 0.010361
2 0.642628 0.527293 0.019208 0.036138
23 0.664954 0.533232 0.019714 0.058630
6 0.699663 0.457038 0.050042 0.077584
20 0.665206 0.424059 0.007077 0.017690
18 0.668492 0.409148 0.014322 0.010614
18 0.668829 0.394996 0.014322 0.009098
18 0.668829 0.386025 0.014322 0.010867
18 0.668492 0.375158 0.013648 0.012383
18 0.683488 0.385519 0.012974 0.009856
18 0.683319 0.374779 0.013311 0.009603
18 0.697304 0.385519 0.013311 0.008845
18 0.697136 0.375032 0.013648 0.011120
3 0.690312 0.407758 0.024263 0.019965
18 0.713058 0.407506 0.014153 0.012889
14 0.717607 0.392722 0.022241 0.016679
7 0.744903 0.161233 0.038416 0.037908
7 0.682056 0.163760 0.038079 0.033864
3 0.704549 0.187010 0.013648 0.007582
18 0.688795 0.187642 0.011457 0.007329
18 0.674979 0.188400 0.011794 0.010361
3 0.661921 0.189158 0.012974 0.011878
18 0.657540 0.212914 0.008256 0.021481
6 0.643808 0.212914 0.016175 0.021481
18 0.629233 0.205080 0.008256 0.019965
14 0.586184 0.201921 0.021904 0.018701
11 0.586521 0.223402 0.021230 0.017690
11 0.570682 0.207859 0.006740 0.018954
18 0.571778 0.157443 0.013311 0.009603
11 0.571609 0.167804 0.014322 0.010614
3 0.571778 0.178797 0.013985 0.011372
10 0.528054 0.178797 0.069082 0.060905
10 0.431087 0.179303 0.069587 0.058378
18 0.529149 0.233637 0.013311 0.010361
18 0.506150 0.261056 0.012468 0.009098
11 0.512300 0.251200 0.013311 0.009603
11 0.499495 0.251327 0.013648 0.010361
18 0.506740 0.275840 0.013648 0.009856
20 0.506403 0.286075 0.014322 0.010614
11 0.506908 0.294415 0.014659 0.009098
11 0.506403 0.303765 0.014322 0.009603
6 0.546841 0.274198 0.038922 0.058630
18 0.597557 0.251453 0.013311 0.010109
18 0.597557 0.261815 0.013985 0.008592
18 0.597388 0.271797 0.014322 0.009351
18 0.597725 0.281526 0.014322 0.010109
18 0.597894 0.292267 0.013985 0.010361
18 0.597557 0.303007 0.014659 0.012130
6 0.635720 0.274703 0.055939 0.083902
11 0.640101 0.332322 0.007077 0.020217
11 0.633867 0.332449 0.005392 0.020975
18 0.628644 0.332702 0.005729 0.020975
18 0.623083 0.332828 0.005392 0.022745
18 0.617186 0.332828 0.005729 0.021734
18 0.611963 0.332828 0.005392 0.021734
18 0.605644 0.332828 0.007919 0.021734
11 0.649958 0.332828 0.006908 0.020217
18 0.658214 0.332449 0.006908 0.020975
14 0.596040 0.359237 0.009267 0.030073
2 0.640859 0.360753 0.025105 0.029062
11 0.663437 0.352919 0.014322 0.011372
12 0.747852 0.276346 0.148104 0.174122
12 0.785594 0.468916 0.088121 0.166540
2 0.504971 0.230099 0.022915 0.027041
11 0.480371 0.231994 0.013142 0.035886
11 0.485847 0.294668 0.008930 0.020217
11 0.485847 0.274829 0.008256 0.019459
14 0.473715 0.291130 0.007919 0.030831
11 0.461415 0.289613 0.013311 0.032853
14 0.458888 0.336871 0.009604 0.030831
14 0.468745 0.335734 0.008425 0.029568
11 0.481297 0.337377 0.011626 0.034875
14 0.493260 0.337124 0.009604 0.031337
14 0.518955 0.337882 0.010110 0.032853
11 0.505981 0.337377 0.012805 0.034875
18 0.461415 0.240081 0.012637 0.009098
18 0.461584 0.248926 0.014996 0.007582
18 0.461415 0.257013 0.014659 0.009603
18 0.461415 0.266995 0.015333 0.009351
6 0.620556 0.437326 0.069756 0.104877
23 0.565880 0.460576 0.020725 0.060905
23 0.566639 0.400051 0.022241 0.059136
23 0.566891 0.340409 0.021061 0.059641
6 0.416344 0.286833 0.055939 0.061663
18 0.383235 0.182841 0.007582 0.021481
11 0.382898 0.163381 0.007582 0.021481
3 0.389722 0.163381 0.006740 0.021481
18 0.376917 0.296563 0.006403 0.020975
11 0.369250 0.296563 0.007582 0.021986
18 0.353833 0.311979 0.014827 0.011878
20 0.353665 0.301112 0.014490 0.009856
11 0.353665 0.291003 0.014153 0.011878
18 0.353749 0.279631 0.014322 0.011878
20 0.353665 0.269143 0.014490 0.011120
11 0.335383 0.312484 0.014322 0.010867
6 0.327464 0.287592 0.027127 0.033359
1 0.297136 0.203311 0.081382 0.123578
11 0.294861 0.276978 0.023589 0.018196
11 0.294861 0.295805 0.022915 0.020470
11 0.294440 0.312737 0.014322 0.010361
18 0.241702 0.332070 0.014659 0.011120
3 0.214575 0.410791 0.013648 0.009856
3 0.214575 0.422290 0.014322 0.010109
3 0.214069 0.435052 0.013985 0.013899
11 0.240270 0.465631 0.023252 0.019459
11 0.292334 0.466136 0.024263 0.020470
11 0.330497 0.466389 0.024094 0.020975
11 0.390649 0.451984 0.013648 0.035128
11 0.390817 0.529315 0.013985 0.037149
12 0.185931 0.600076 0.102612 0.169067
12 0.241449 0.722138 0.121314 0.054840
6 0.476580 0.464872 0.126201 0.188779
11 0.582814 0.514026 0.034372 0.026788
6 0.317270 0.387920 0.101095 0.094516
6 0.317607 0.547258 0.101769 0.096790
24 0.156613 0.211018 0.034204 0.011625
24 0.187616 0.160728 0.008256 0.023755
24 0.192249 0.184862 0.006066 0.010867
24 0.254676 0.164645 0.006234 0.030579
24 0.300421 0.237175 0.013479 0.021481
24 0.206403 0.238944 0.017860 0.009351
24 0.202190 0.255497 0.006740 0.021734
24 0.201938 0.277230 0.006234 0.022239
24 0.201432 0.319434 0.006908 0.021228
24 0.163943 0.327521 0.008762 0.009603
24 0.244313 0.216452 0.011457 0.010867
24 0.248863 0.226434 0.018197 0.009603
24 0.245072 0.237427 0.014659 0.010361
24 0.244566 0.247789 0.014322 0.010361
24 0.238669 0.273313 0.006234 0.027041
24 0.225527 0.292141 0.012974 0.010614
24 0.225864 0.303892 0.013648 0.009351
24 0.232182 0.319939 0.006740 0.011625
24 0.230413 0.340536 0.007245 0.010867
24 0.244145 0.343316 0.018871 0.009351
24 0.263521 0.330553 0.014490 0.009603
24 0.234541 0.367703 0.006740 0.023250
24 0.194861 0.362901 0.007919 0.010109
24 0.315754 0.264721 0.019208 0.010361
24 0.297641 0.322846 0.018366 0.009351
24 0.295703 0.333965 0.014490 0.010867
24 0.318534 0.311473 0.014996 0.010361
24 0.335215 0.323604 0.019040 0.010361
24 0.337911 0.251579 0.018366 0.010867
24 0.337995 0.261688 0.018197 0.008340
24 0.341028 0.163508 0.009773 0.011120
24 0.374389 0.162118 0.006740 0.030579
24 0.390733 0.184862 0.006403 0.020470
24 0.391997 0.146197 0.013985 0.010867
24 0.369082 0.271039 0.006908 0.028052
24 0.376074 0.274071 0.007077 0.020470
24 0.370008 0.312611 0.017860 0.010109
24 0.369250 0.323604 0.018703 0.010361
24 0.369166 0.333460 0.018871 0.010361
24 0.414322 0.144175 0.010447 0.009351
24 0.440438 0.144554 0.023589 0.009098
24 0.414406 0.245893 0.009604 0.010109
24 0.450632 0.236416 0.005560 0.008340
24 0.459478 0.218221 0.017523 0.010361
24 0.478180 0.207354 0.018534 0.009856
24 0.474221 0.263078 0.007919 0.021228
24 0.486015 0.255370 0.012300 0.010361
24 0.460741 0.314506 0.014996 0.009351
24 0.493345 0.277988 0.006403 0.028304
24 0.493345 0.304145 0.006403 0.014910
24 0.510447 0.144554 0.009267 0.009603
24 0.539848 0.144807 0.014827 0.010614
24 0.522915 0.219737 0.008256 0.010867
24 0.524263 0.243872 0.013311 0.009098
24 0.543050 0.233131 0.013479 0.010361
24 0.519292 0.261562 0.013142 0.009603
24 0.520388 0.275840 0.013311 0.009351
24 0.520135 0.285823 0.012468 0.009098
24 0.520640 0.295426 0.013142 0.009098
24 0.520303 0.305408 0.013479 0.010361
24 0.442039 0.353677 0.006234 0.020975
24 0.449789 0.352919 0.006571 0.019965
24 0.534794 0.306419 0.007414 0.006318
24 0.528391 0.339651 0.007077 0.022239
24 0.535973 0.339272 0.007077 0.021986
24 0.543639 0.339651 0.006908 0.021734
24 0.551474 0.361764 0.007077 0.021481
24 0.551306 0.339525 0.006740 0.020975
24 0.545998 0.312358 0.009941 0.010614
24 0.586352 0.157822 0.013816 0.009856
24 0.587616 0.168436 0.017692 0.009856
24 0.584078 0.178418 0.009941 0.009098
24 0.570008 0.229467 0.006403 0.021228
24 0.606824 0.200783 0.017692 0.011372
24 0.605223 0.221885 0.013816 0.010614
24 0.597810 0.239449 0.014490 0.009351
24 0.579528 0.251832 0.018029 0.010361
24 0.580202 0.262067 0.018366 0.009603
24 0.579949 0.271797 0.018534 0.009351
24 0.579949 0.281905 0.018534 0.010361
24 0.579865 0.291888 0.018366 0.009603
24 0.579781 0.301996 0.018197 0.009603
24 0.598484 0.145438 0.013816 0.009856
24 0.616849 0.145691 0.018871 0.008845
24 0.637742 0.145186 0.017523 0.008340
24 0.653328 0.145818 0.009267 0.009603
24 0.620472 0.205332 0.006908 0.030073
24 0.641281 0.172858 0.014490 0.010109
24 0.665291 0.212282 0.006571 0.027799
24 0.668155 0.237048 0.006234 0.015163
24 0.679949 0.143038 0.013985 0.010109
24 0.714322 0.266869 0.044313 0.133434
24 0.769334 0.269522 0.052570 0.139752
24 0.732519 0.143290 0.014322 0.009098
24 0.169840 0.374905 0.013816 0.010361
24 0.229233 0.411423 0.013648 0.010614
24 0.229486 0.422290 0.014490 0.010614
24 0.229486 0.435305 0.014827 0.010867
24 0.204718 0.467652 0.007077 0.014405
24 0.239848 0.449204 0.014659 0.009856
24 0.291575 0.447561 0.014322 0.009603
24 0.330666 0.448699 0.018703 0.009856
24 0.373547 0.389816 0.006740 0.015921
24 0.386184 0.355825 0.004044 0.009603
24 0.397051 0.356331 0.013648 0.010614
24 0.397473 0.367703 0.013816 0.010109
24 0.397473 0.378949 0.013816 0.009856
24 0.397388 0.389310 0.013648 0.008845
24 0.400168 0.408643 0.008762 0.011120
24 0.402780 0.454132 0.007245 0.021734
24 0.549200 0.398787 0.006571 0.022239
24 0.549200 0.461966 0.006571 0.020723
24 0.579444 0.426586 0.008425 0.013647
24 0.573378 0.488880 0.007751 0.013394
24 0.581382 0.484584 0.007582 0.009856
24 0.581719 0.327521 0.006571 0.026788
24 0.588543 0.327521 0.006403 0.026788
24 0.596125 0.327774 0.006403 0.026283
24 0.578939 0.366439 0.007751 0.013141
24 0.585931 0.358100 0.006234 0.026788
24 0.589469 0.378949 0.008256 0.010361
24 0.605813 0.379201 0.014322 0.008845
24 0.604886 0.358858 0.006066 0.027293
24 0.611289 0.359490 0.006066 0.026535
24 0.617270 0.359237 0.005897 0.026535
24 0.622662 0.359616 0.005897 0.027293
24 0.624179 0.377180 0.009267 0.009856
24 0.663774 0.332070 0.005897 0.026788
24 0.669671 0.331943 0.006571 0.027041
24 0.663353 0.363280 0.017860 0.008340
24 0.665038 0.438337 0.017860 0.008845
24 0.664954 0.447940 0.017692 0.009856
24 0.664869 0.457544 0.017523 0.009856
24 0.664617 0.466894 0.017692 0.009351
24 0.658888 0.477003 0.006234 0.012889
24 0.666554 0.487743 0.007751 0.026788
24 0.718618 0.373263 0.018534 0.010614
24 0.771019 0.374653 0.071441 0.017943
24 0.730581 0.408264 0.018534 0.010867
24 0.728222 0.456154 0.006403 0.024261
24 0.174221 0.501643 0.065375 0.018196
24 0.232519 0.504802 0.010110 0.012383
6 0.250969 0.567602 0.013311 0.101592
24 0.373294 0.555724 0.007245 0.015668
24 0.402612 0.530452 0.006571 0.023755
24 0.388711 0.576320 0.005729 0.010867
24 0.408677 0.573793 0.014659 0.010361
24 0.429149 0.575941 0.005729 0.010614
24 0.446504 0.568865 0.019208 0.009603
24 0.446251 0.579100 0.018703 0.009856
24 0.446588 0.589335 0.019040 0.009098
24 0.466554 0.569371 0.018534 0.010614
24 0.466386 0.579479 0.018534 0.010109
24 0.466554 0.589588 0.018871 0.009603
24 0.482898 0.586429 0.008762 0.012889
24 0.495703 0.576194 0.014490 0.010109
24 0.514996 0.578595 0.014996 0.010361
24 0.552822 0.524387 0.019208 0.011120
24 0.559309 0.547258 0.010278 0.010361
24 0.545324 0.564443 0.006571 0.022492
24 0.543387 0.588830 0.008425 0.013141
24 0.582140 0.607278 0.018534 0.010109
24 0.581803 0.618398 0.018534 0.010109
24 0.605813 0.540814 0.005897 0.024261
24 0.612131 0.540814 0.006066 0.024261
24 0.609604 0.559262 0.013479 0.010614
24 0.605307 0.618398 0.013985 0.010614
24 0.623420 0.609174 0.015164 0.010361
24 0.637152 0.497852 0.014659 0.009098
24 0.649284 0.501643 0.009267 0.011120
24 0.680623 0.517817 0.006571 0.027799
24 0.639006 0.550796 0.017355 0.009351
24 0.638922 0.559894 0.018534 0.008340
24 0.639511 0.568360 0.018029 0.009603
24 0.652654 0.592873 0.006908 0.028304
24 0.651643 0.631286 0.006571 0.027799
24 0.694945 0.510109 0.018703 0.010361
24 0.694861 0.520723 0.019208 0.010361
24 0.715417 0.510235 0.018871 0.010109
24 0.715417 0.521355 0.018871 0.010109
24 0.724347 0.545489 0.006740 0.012383
24 0.727633 0.556988 0.012974 0.010109
24 0.734962 0.523882 0.010110 0.010109
24 0.706318 0.577458 0.018534 0.011120
24 0.774305 0.562042 0.031171 0.014658
24 0.786773 0.583523 0.009604 0.011625
24 0.706487 0.597422 0.009773 0.010614
24 0.189469 0.753096 0.008256 0.007582
24 0.213816 0.687895 0.006066 0.009098
24 0.248610 0.647713 0.006908 0.028304
24 0.297894 0.616755 0.010110 0.010361
24 0.273041 0.686379 0.032519 0.014658
24 0.311710 0.690548 0.015164 0.010867
24 0.318197 0.734521 0.018703 0.009856
24 0.342291 0.615112 0.014996 0.011120
24 0.353159 0.734395 0.017523 0.009603
24 0.351222 0.744124 0.014322 0.009856
24 0.379360 0.656305 0.006571 0.029315
24 0.376495 0.738059 0.014322 0.010867
24 0.408340 0.664898 0.018366 0.010109
24 0.405897 0.726181 0.018871 0.010361
24 0.405981 0.736290 0.018703 0.009856
24 0.405392 0.746652 0.017523 0.009856
24 0.438753 0.747283 0.014827 0.011120
24 0.449031 0.660096 0.006066 0.026283
24 0.455687 0.659843 0.006571 0.028304
24 0.470935 0.657063 0.018197 0.010614
24 0.493092 0.656937 0.018703 0.009351
24 0.527717 0.662244 0.019208 0.011372
24 0.509436 0.725550 0.096883 0.042456
24 0.508172 0.681956 0.095703 0.015416
24 0.541196 0.696614 0.024937 0.010361
24 0.568408 0.683093 0.009941 0.010614
24 0.569166 0.706470 0.007077 0.021481
24 0.580539 0.742482 0.007245 0.011120
24 0.602780 0.742987 0.007245 0.011120
24 0.626874 0.742734 0.007245 0.011120
24 0.660573 0.741724 0.007245 0.011120
24 0.579949 0.696108 0.009773 0.009856
24 0.591660 0.688906 0.006571 0.026283
24 0.602864 0.696487 0.014153 0.009603
24 0.610025 0.676523 0.006908 0.027799
24 0.617102 0.688400 0.007245 0.027799
24 0.625190 0.690548 0.006571 0.021986
24 0.640354 0.738691 0.006908 0.027799
24 0.648020 0.738565 0.006740 0.021986
24 0.634962 0.668688 0.006234 0.026788
24 0.640859 0.668562 0.005897 0.026030
24 0.647009 0.668688 0.005729 0.025777
24 0.661247 0.647966 0.016344 0.007582
24 0.661078 0.655042 0.016681 0.007076
24 0.688037 0.649356 0.005897 0.005812
24 0.700590 0.649987 0.014490 0.010109
24 0.706992 0.660349 0.018197 0.010614
24 0.706908 0.670078 0.018366 0.008340
24 0.706908 0.678544 0.018703 0.008087
24 0.676243 0.695982 0.007919 0.009098
24 0.682814 0.704321 0.008593 0.009603
24 0.694693 0.694086 0.009436 0.010361
24 0.733446 0.701794 0.022578 0.014152
24 0.674810 0.749179 0.004381 0.009856
24 0.688711 0.750063 0.014996 0.009098
24 0.707666 0.750063 0.018871 0.011120
24 0.726959 0.750316 0.018703 0.010109
24 0.748526 0.750190 0.018703 0.011372
24 0.221735 0.223275 0.012131 0.011372
24 0.224010 0.256128 0.004212 0.009856
24 0.223336 0.276346 0.004549 0.008845
12 0.716091 0.164645 0.020893 0.032600
24 0.718366 0.392216 0.003875 0.008592
24 0.641870 0.358731 0.014659 0.017437
24 0.567397 0.338388 0.011289 0.019206
24 0.566723 0.398787 0.010278 0.020217
24 0.566217 0.458554 0.010615 0.019459
24 0.474642 0.465251 0.070093 0.151630
24 0.298736 0.649735 0.022241 0.023250
24 0.394945 0.619282 0.007751 0.050291
24 0.424516 0.618777 0.007582 0.049280
24 0.490733 0.614607 0.010278 0.020723
24 0.523757 0.599191 0.013311 0.015163
24 0.582730 0.563053 0.017355 0.031842
24 0.574221 0.651377 0.021904 0.024008
24 0.643724 0.526030 0.008256 0.021481
24 0.665038 0.531842 0.010110 0.020975
