12 0.095320 0.397017 0.043888 0.080226
12 0.109978 0.571612 0.095834 0.159938
12 0.126693 0.767292 0.108349 0.152224
7 0.149494 0.879918 0.040117 0.027771
12 0.150951 0.909360 0.035488 0.027513
12 0.256986 0.888917 0.104577 0.142453
12 0.410852 0.887760 0.105435 0.143739
12 0.564032 0.886475 0.106635 0.143739
12 0.716955 0.884289 0.108692 0.142967
12 0.861821 0.764850 0.096691 0.158653
20 0.825047 0.867318 0.020401 0.028799
12 0.856163 0.609668 0.097720 0.076626
12 0.855563 0.509643 0.097548 0.077141
12 0.854877 0.410388 0.096177 0.077141
12 0.846134 0.278735 0.017658 0.152224
12 0.702040 0.131396 0.207783 0.223708
12 0.416767 0.145153 0.101149 0.141167
12 0.287759 0.199794 0.111606 0.227822
12 0.197411 0.163667 0.063947 0.159167
12 0.195525 0.284135 0.016630 0.031371
7 0.175296 0.295063 0.023830 0.058370
17 0.166638 0.442145 0.017487 0.011057
17 0.189268 0.442145 0.016801 0.010028
17 0.214555 0.515171 0.008058 0.024428
10 0.571833 0.730393 0.032745 0.093340
10 0.638094 0.729493 0.034631 0.094112
10 0.704612 0.729751 0.033945 0.091026
10 0.771301 0.729751 0.034973 0.091026
10 0.704012 0.512343 0.033430 0.092826
10 0.637494 0.511443 0.033430 0.091026
10 0.334305 0.513371 0.032573 0.093340
10 0.267444 0.513885 0.033602 0.093340
7 0.720898 0.293392 0.038745 0.029828
12 0.670753 0.284006 0.018001 0.052713
12 0.650437 0.284392 0.018515 0.053484
17 0.704012 0.412702 0.017658 0.011314
17 0.638351 0.412960 0.017658 0.010800
17 0.357706 0.303291 0.006686 0.024428
17 0.357792 0.274106 0.007543 0.028799
12 0.380936 0.415788 0.018858 0.053998
17 0.231099 0.631011 0.017487 0.011314
17 0.278330 0.630239 0.016630 0.011314
17 0.324533 0.630368 0.017144 0.012600
17 0.371164 0.629725 0.018515 0.011314
18 0.130807 0.454358 0.007543 0.021085
18 0.130893 0.476344 0.008743 0.022885
18 0.195783 0.617125 0.008229 0.022628
18 0.212069 0.616740 0.007543 0.022885
11 0.204183 0.617125 0.008229 0.023656
11 0.281673 0.335562 0.007886 0.021085
11 0.290588 0.335433 0.007886 0.022371
11 0.298989 0.333633 0.007886 0.021342
20 0.258700 0.381461 0.013715 0.011057
11 0.258358 0.392774 0.014058 0.010543
11 0.258443 0.363590 0.013887 0.011314
18 0.243100 0.361661 0.013372 0.011057
18 0.243271 0.372718 0.013715 0.010028
18 0.243271 0.383518 0.013715 0.011057
18 0.243528 0.394317 0.013887 0.010543
18 0.243100 0.404988 0.014744 0.011828
18 0.231870 0.436230 0.007372 0.020314
11 0.282273 0.425816 0.008058 0.021085
11 0.303532 0.426202 0.008400 0.021857
11 0.315361 0.412702 0.007372 0.021085
6 0.289217 0.380303 0.043202 0.063255
18 0.321104 0.396760 0.015429 0.011828
11 0.318875 0.380432 0.008229 0.020828
18 0.273616 0.441887 0.014401 0.010543
18 0.290245 0.497557 0.007886 0.020571
18 0.290588 0.518771 0.007886 0.022371
18 0.310303 0.497172 0.007200 0.019799
18 0.310218 0.517999 0.008400 0.021857
11 0.329762 0.415788 0.009772 0.027256
14 0.342191 0.416302 0.010286 0.027256
11 0.352392 0.416945 0.008400 0.021857
11 0.363706 0.413731 0.010115 0.026742
11 0.497600 0.166752 0.008058 0.021342
18 0.497257 0.199666 0.008743 0.023914
18 0.497428 0.233093 0.009086 0.022885
18 0.392251 0.357675 0.015429 0.012857
18 0.392765 0.370789 0.015429 0.011314
11 0.402109 0.420288 0.018001 0.037799
11 0.420281 0.405117 0.015944 0.011057
11 0.420453 0.420417 0.015601 0.009771
11 0.420195 0.436230 0.015772 0.010028
11 0.394737 0.483672 0.015944 0.011314
11 0.395251 0.498457 0.014915 0.011571
11 0.395423 0.513371 0.015258 0.011057
11 0.395423 0.528799 0.015601 0.010543
11 0.395251 0.543070 0.015944 0.011314
11 0.407595 0.483029 0.007029 0.020314
11 0.407680 0.503471 0.005829 0.019028
11 0.407938 0.522885 0.006343 0.020828
11 0.407423 0.543327 0.007029 0.021085
11 0.417024 0.543327 0.007372 0.020057
11 0.417452 0.523399 0.007543 0.019799
11 0.417367 0.503471 0.006686 0.020571
11 0.417195 0.482900 0.007715 0.020571
18 0.413681 0.565055 0.014744 0.013114
18 0.424567 0.583569 0.007029 0.021342
18 0.395851 0.583826 0.014401 0.011571
18 0.411281 0.581641 0.015429 0.011828
18 0.411538 0.594369 0.014915 0.011571
11 0.435882 0.605297 0.013544 0.010800
11 0.436482 0.617639 0.014058 0.011828
11 0.436225 0.629725 0.014572 0.013371
11 0.449940 0.713551 0.007372 0.021085
11 0.441797 0.712908 0.007886 0.019799
11 0.420110 0.719337 0.014572 0.011571
11 0.420538 0.706094 0.014401 0.013371
11 0.449426 0.650553 0.008400 0.020571
11 0.449511 0.671638 0.008229 0.021599
11 0.449683 0.692980 0.007886 0.021085
11 0.450283 0.734765 0.007372 0.020314
11 0.441797 0.755207 0.008572 0.021599
11 0.450369 0.755593 0.007543 0.020828
11 0.450111 0.777321 0.007715 0.022114
11 0.478056 0.793520 0.015258 0.012343
11 0.494000 0.793134 0.014915 0.011571
6 0.486028 0.713808 0.063775 0.144510
11 0.522116 0.776678 0.008400 0.021342
11 0.522201 0.755593 0.007886 0.022371
11 0.530173 0.754950 0.007715 0.022114
11 0.522201 0.734250 0.007886 0.020314
11 0.522201 0.713808 0.007200 0.020571
11 0.530602 0.713294 0.007886 0.022628
11 0.521858 0.692337 0.007886 0.020828
11 0.522201 0.671767 0.007200 0.019799
11 0.522030 0.650424 0.008229 0.020828
18 0.464769 0.617382 0.004800 0.013885
18 0.471113 0.617125 0.006172 0.015428
18 0.480456 0.618411 0.005315 0.014400
18 0.493657 0.616482 0.014915 0.012085
18 0.506343 0.616097 0.005315 0.013885
18 0.513887 0.616354 0.006000 0.014400
11 0.534459 0.629339 0.014915 0.011571
11 0.534716 0.617382 0.014401 0.012343
11 0.534459 0.605683 0.014915 0.010028
11 0.550574 0.404217 0.014572 0.010285
11 0.550403 0.419774 0.014915 0.010028
11 0.550403 0.436230 0.014915 0.011057
11 0.568232 0.420288 0.018001 0.040370
11 0.553060 0.482001 0.007886 0.020828
11 0.553403 0.502057 0.007200 0.019285
11 0.553660 0.522499 0.007715 0.020571
11 0.553317 0.543327 0.007029 0.020057
11 0.562918 0.482515 0.007372 0.019799
11 0.563089 0.502186 0.007029 0.020571
11 0.563089 0.522499 0.007715 0.019028
11 0.563604 0.542427 0.007029 0.020314
11 0.576119 0.482643 0.015258 0.010285
11 0.576033 0.497557 0.016115 0.009771
11 0.575947 0.512343 0.014915 0.009000
11 0.576119 0.526871 0.015258 0.009257
11 0.576119 0.541913 0.015258 0.011571
18 0.670924 0.585883 0.008400 0.021857
18 0.605092 0.710723 0.015258 0.010800
18 0.604920 0.722936 0.014229 0.012600
18 0.604920 0.735150 0.014229 0.010800
18 0.604920 0.746464 0.014572 0.011314
6 0.538488 0.182438 0.073033 0.103626
18 0.737614 0.711237 0.014229 0.011828
18 0.737785 0.723065 0.015258 0.011314
18 0.737614 0.734893 0.014915 0.011314
18 0.738042 0.746979 0.014744 0.011828
6 0.485085 0.513628 0.115035 0.171509
24 0.095834 0.179995 0.021258 0.019028
24 0.098491 0.328491 0.026573 0.015685
24 0.135265 0.157238 0.014058 0.091797
24 0.130893 0.224865 0.008058 0.026999
24 0.144694 0.260864 0.034288 0.019799
24 0.156438 0.111983 0.008743 0.016200
24 0.155495 0.202366 0.005486 0.019542
24 0.160552 0.227308 0.008743 0.026228
24 0.191411 0.258164 0.008058 0.024171
24 0.199983 0.257650 0.009086 0.023142
24 0.216955 0.286320 0.021430 0.018257
24 0.144180 0.287092 0.034631 0.017742
24 0.149066 0.310105 0.024859 0.019028
24 0.150694 0.346362 0.032916 0.019028
24 0.181982 0.345462 0.026230 0.016200
24 0.092405 0.349061 0.015772 0.014657
24 0.213184 0.345333 0.025887 0.017999
24 0.209069 0.383003 0.009772 0.012600
24 0.221927 0.382489 0.007029 0.006428
24 0.241642 0.324248 0.011143 0.011828
24 0.256729 0.329519 0.008058 0.023399
24 0.258786 0.349061 0.014915 0.011571
24 0.264701 0.329262 0.007543 0.023399
24 0.272930 0.330933 0.008229 0.021085
24 0.328562 0.326819 0.027944 0.016971
24 0.361735 0.250836 0.016801 0.013628
24 0.374507 0.272692 0.021773 0.017228
24 0.377164 0.302520 0.027430 0.017228
24 0.362164 0.323476 0.017315 0.011828
24 0.326676 0.377218 0.008058 0.022628
24 0.372278 0.358575 0.020744 0.013114
24 0.372107 0.370661 0.020401 0.011571
24 0.416338 0.228722 0.056403 0.016200
24 0.476770 0.112625 0.012001 0.014914
24 0.538402 0.114554 0.063261 0.016200
24 0.503000 0.284135 0.114178 0.027256
24 0.503772 0.308820 0.106806 0.014914
6 0.538917 0.241193 0.018687 0.010800
24 0.488256 0.165210 0.008229 0.027513
24 0.488514 0.194523 0.008058 0.029571
24 0.488514 0.228336 0.008058 0.034970
24 0.589148 0.113140 0.012172 0.015428
24 0.614264 0.256493 0.029145 0.017742
24 0.487999 0.359990 0.145894 0.041142
24 0.570033 0.383003 0.012686 0.013628
24 0.705212 0.185780 0.043374 0.056827
24 0.650094 0.251093 0.017144 0.011571
24 0.669895 0.250707 0.016972 0.009771
24 0.652152 0.329262 0.012001 0.030599
24 0.669724 0.332862 0.011486 0.040885
24 0.736242 0.273978 0.015944 0.012085
24 0.719098 0.330419 0.011143 0.021599
24 0.736414 0.339162 0.010801 0.038570
24 0.753129 0.339933 0.010629 0.040627
24 0.845705 0.192980 0.017144 0.013628
24 0.824704 0.215608 0.021430 0.015171
24 0.824790 0.240550 0.022287 0.015171
24 0.824876 0.266007 0.021087 0.015685
24 0.824876 0.291077 0.020744 0.016457
24 0.825904 0.316662 0.019030 0.016714
24 0.824704 0.341476 0.021430 0.015428
24 0.874593 0.367447 0.011829 0.014400
24 0.104063 0.454616 0.039088 0.015942
24 0.103549 0.476601 0.038059 0.015685
24 0.139551 0.448316 0.008915 0.032656
24 0.139637 0.480201 0.008400 0.031113
24 0.165695 0.430316 0.018344 0.013628
24 0.164495 0.457958 0.016972 0.017485
24 0.188582 0.430316 0.017144 0.011571
24 0.190554 0.458087 0.018687 0.018257
24 0.168010 0.509771 0.020915 0.015171
24 0.168181 0.536128 0.020573 0.014914
24 0.213698 0.495886 0.019373 0.012085
24 0.214212 0.536899 0.027602 0.014914
24 0.244814 0.424016 0.017487 0.011828
24 0.245328 0.435073 0.017830 0.010285
24 0.245585 0.446773 0.017315 0.010543
24 0.245500 0.456673 0.019887 0.012343
24 0.243700 0.468372 0.016972 0.011571
24 0.231442 0.464258 0.007886 0.033170
24 0.258186 0.405631 0.015429 0.011057
24 0.261701 0.417974 0.016287 0.012085
6 0.264015 0.428902 0.013715 0.010800
24 0.268130 0.459373 0.022630 0.012085
24 0.291274 0.429545 0.007543 0.017228
24 0.291702 0.446130 0.020744 0.012857
24 0.267615 0.569555 0.032230 0.015942
24 0.289902 0.543584 0.007886 0.026228
24 0.290074 0.473644 0.008229 0.024685
24 0.306960 0.447030 0.007715 0.017742
24 0.315275 0.431859 0.007886 0.016714
24 0.310132 0.473901 0.007543 0.024171
24 0.309875 0.543456 0.008400 0.025456
24 0.334648 0.568655 0.032230 0.016200
24 0.364307 0.394189 0.014401 0.012343
24 0.333019 0.459501 0.022458 0.013885
24 0.328905 0.442402 0.008400 0.023914
24 0.342448 0.442145 0.008400 0.022885
24 0.352306 0.441759 0.008572 0.025199
24 0.362935 0.442016 0.007886 0.025199
24 0.361049 0.483800 0.020573 0.013114
24 0.361392 0.498329 0.020573 0.013885
24 0.360792 0.513114 0.020058 0.014142
24 0.361306 0.528156 0.020744 0.013371
24 0.361306 0.542813 0.020744 0.012857
24 0.375021 0.463487 0.007372 0.031628
24 0.382822 0.463487 0.007886 0.031113
24 0.374850 0.497429 0.008400 0.031628
24 0.375279 0.530599 0.007543 0.031628
24 0.372278 0.564927 0.008058 0.031885
24 0.383165 0.529828 0.007543 0.032142
24 0.380507 0.566341 0.007372 0.030599
24 0.396451 0.457444 0.009429 0.032913
24 0.417195 0.447801 0.022116 0.013114
24 0.417195 0.459373 0.021430 0.011571
24 0.394565 0.565312 0.021430 0.013628
24 0.424396 0.555541 0.007715 0.033170
24 0.392680 0.597840 0.022116 0.013371
24 0.413681 0.605811 0.022287 0.011828
24 0.438797 0.404603 0.019030 0.012600
6 0.484656 0.418745 0.021601 0.012085
24 0.530859 0.404603 0.020401 0.014142
24 0.552203 0.447030 0.020230 0.011057
24 0.552632 0.458987 0.020401 0.012857
24 0.581176 0.419774 0.007886 0.032142
24 0.586919 0.462073 0.008400 0.031885
24 0.594977 0.462201 0.008400 0.032142
24 0.587091 0.496657 0.007372 0.031628
24 0.594891 0.496529 0.007543 0.032913
24 0.587176 0.530599 0.006858 0.031628
24 0.587348 0.564155 0.008572 0.031885
24 0.594805 0.529828 0.008058 0.033685
24 0.595148 0.563512 0.009086 0.033685
24 0.609721 0.483286 0.021087 0.013628
24 0.608692 0.498071 0.019030 0.013885
24 0.609463 0.512085 0.020573 0.012085
24 0.609463 0.526485 0.020573 0.011057
24 0.608863 0.542170 0.018687 0.012600
24 0.638179 0.398560 0.021087 0.013885
24 0.638094 0.426974 0.034973 0.015171
24 0.638008 0.458215 0.022801 0.012857
24 0.639122 0.572641 0.048003 0.016971
24 0.670753 0.557084 0.010115 0.033685
24 0.703926 0.398560 0.022973 0.013885
24 0.704355 0.426331 0.028630 0.015428
24 0.704697 0.458473 0.023830 0.013885
24 0.703840 0.571998 0.035831 0.016200
24 0.773873 0.412960 0.061375 0.016457
6 0.782959 0.510928 0.043545 0.015428
24 0.874336 0.466830 0.012686 0.011571
24 0.874593 0.565827 0.011829 0.011571
24 0.092920 0.679609 0.017830 0.013371
24 0.129693 0.661224 0.012858 0.012600
24 0.170324 0.617254 0.009429 0.034713
24 0.178982 0.616740 0.007886 0.034199
24 0.187125 0.617639 0.008400 0.035999
24 0.231699 0.642582 0.041317 0.012343
24 0.314932 0.600283 0.063432 0.041913
24 0.278244 0.643096 0.041831 0.013885
24 0.325904 0.642582 0.040802 0.013371
24 0.371593 0.641810 0.043031 0.013371
24 0.413681 0.617639 0.022287 0.011828
24 0.418481 0.629596 0.016458 0.012085
24 0.419681 0.641425 0.019201 0.013114
24 0.420281 0.653638 0.021430 0.011314
24 0.405280 0.679352 0.022287 0.011828
24 0.405366 0.691566 0.022116 0.012600
24 0.407595 0.713680 0.008743 0.033170
24 0.432882 0.666110 0.021601 0.012085
24 0.433653 0.677681 0.021773 0.012085
24 0.433396 0.689509 0.020915 0.013114
24 0.432625 0.711880 0.008400 0.030599
24 0.447968 0.615454 0.007200 0.032656
24 0.456026 0.614940 0.008229 0.033170
24 0.473256 0.634096 0.022458 0.011314
24 0.494343 0.603883 0.021773 0.011057
24 0.507115 0.633582 0.021601 0.012343
24 0.522544 0.616740 0.007886 0.032656
24 0.553660 0.605297 0.021773 0.012343
24 0.553746 0.617254 0.021258 0.011571
24 0.553917 0.629725 0.021601 0.012343
24 0.537802 0.651067 0.021944 0.014400
24 0.537374 0.671767 0.020744 0.014657
24 0.536602 0.692080 0.020230 0.014142
24 0.539002 0.712780 0.007543 0.030856
24 0.546803 0.713680 0.008058 0.028542
24 0.604577 0.687323 0.017315 0.012857
24 0.604406 0.699023 0.016630 0.012085
24 0.780302 0.610825 0.050231 0.017228
24 0.683868 0.627539 0.093948 0.044999
24 0.736842 0.686166 0.017830 0.013114
24 0.736756 0.698766 0.017315 0.012600
24 0.800960 0.700694 0.025373 0.017485
24 0.803617 0.725765 0.020744 0.017228
24 0.801046 0.750579 0.025887 0.015428
24 0.113492 0.853818 0.061375 0.014657
24 0.123779 0.924788 0.018172 0.014657
24 0.162266 0.857290 0.014915 0.013885
24 0.183610 0.880689 0.026402 0.015942
24 0.186354 0.907046 0.033602 0.015685
24 0.188839 0.831705 0.010115 0.034199
24 0.198697 0.831576 0.009601 0.033942
24 0.201612 0.808434 0.010972 0.013371
24 0.229985 0.805091 0.041317 0.012857
24 0.342448 0.830419 0.010115 0.034199
24 0.352649 0.830291 0.009601 0.033942
24 0.276787 0.804191 0.041317 0.011057
24 0.323418 0.803420 0.038917 0.012085
24 0.369878 0.803034 0.040974 0.013371
24 0.417795 0.807148 0.011315 0.014914
24 0.433739 0.734379 0.020573 0.012343
24 0.424653 0.756621 0.007543 0.032656
24 0.433139 0.757264 0.007715 0.032399
24 0.434253 0.778478 0.021601 0.011057
6 0.459369 0.794420 0.021087 0.012085
24 0.474284 0.805863 0.020744 0.013885
24 0.498371 0.805734 0.022287 0.011571
24 0.495028 0.829391 0.010115 0.034199
24 0.505400 0.829262 0.009601 0.033942
24 0.657466 0.828748 0.009601 0.033942
24 0.647951 0.828876 0.010115 0.034199
24 0.520144 0.806506 0.013029 0.013628
24 0.537888 0.733350 0.021430 0.012343
24 0.539259 0.755850 0.007715 0.033170
24 0.546717 0.755978 0.008229 0.032913
24 0.538231 0.778092 0.021773 0.013371
24 0.572347 0.785935 0.047146 0.015171
24 0.604920 0.758550 0.017658 0.011314
24 0.604577 0.771149 0.016972 0.012343
24 0.638436 0.784906 0.047660 0.015171
24 0.704012 0.784906 0.046117 0.014142
24 0.737614 0.758164 0.017658 0.012600
24 0.737271 0.771535 0.017658 0.014142
24 0.771387 0.784649 0.046117 0.014142
24 0.803960 0.776806 0.020058 0.017999
24 0.804132 0.793520 0.020744 0.013885
24 0.804217 0.808434 0.020573 0.015942
24 0.812018 0.850733 0.008743 0.013628
24 0.840391 0.851376 0.012344 0.013371
24 0.825390 0.889689 0.021430 0.014914
24 0.831819 0.670481 0.038059 0.016200
12 0.176924 0.255593 0.018858 0.020571
24 0.537974 0.180638 0.018858 0.082540
12 0.755957 0.295320 0.031716 0.031113
24 0.486714 0.513114 0.102863 0.103111
24 0.484228 0.675109 0.018687 0.031113
24 0.473684 0.774492 0.021944 0.012343
24 0.485342 0.725636 0.024001 0.052970
